cumPktCount,burstNum,burstSize,pktsBurst,pktsFlow,maxBytesFlow,fractionFlowBytes
1,1,1404,1,1,1404,1.0
4,2,3000,3,1,1504,0.501333333333
7,3,592,3,1,397,0.670608108108
8,4,56,1,1,56,1.0
10,5,336,2,1,290,0.863095238095
18,6,3224,8,1,1504,0.466501240695
19,7,46,1,1,46,1.0
25,8,7412,6,1,1504,0.2029141932
27,9,1560,2,1,1496,0.958974358974
28,10,1504,1,1,1504,1.0
29,11,1404,1,1,1404,1.0
31,12,102,2,1,56,0.549019607843
32,13,1496,1,1,1496,1.0
33,14,56,1,1,56,1.0
35,15,3000,2,1,1504,0.501333333333
112,16,81406,77,24,35904,0.441048571358
113,17,46,1,1,46,1.0
114,18,1504,1,1,1504,1.0
121,19,3327,7,1,1504,0.452058911933
123,20,1560,2,1,1504,0.964102564103
124,21,1504,1,1,1504,1.0
126,22,1642,2,1,987,0.601096224117
130,23,4562,4,1,1504,0.329679964928
137,24,4226,7,1,1404,0.332229058211
140,25,1701,3,1,1504,0.884185773075
143,26,1762,3,1,1504,0.853575482406
144,27,46,1,1,46,1.0
148,28,2695,4,1,1504,0.558070500928
149,29,204,1,1,204,1.0
153,30,3198,4,2,1630,0.509693558474
154,31,1504,1,1,1504,1.0
155,32,56,1,1,56,1.0
156,33,56,1,1,56,1.0
164,34,3344,8,1,1504,0.44976076555
165,35,1460,1,1,1460,1.0
166,36,1504,1,1,1504,1.0
167,37,1504,1,1,1504,1.0
170,38,184,3,1,72,0.391304347826
171,39,76,1,1,76,1.0
173,40,1560,2,1,1504,0.964102564103
174,41,1504,1,1,1504,1.0
177,42,1614,3,1,1504,0.931846344486
180,43,715,3,1,566,0.791608391608
184,44,224,4,1,56,0.25
185,45,46,1,1,46,1.0
186,46,1504,1,1,1504,1.0
190,47,362,4,1,204,0.563535911602
191,48,1504,1,1,1504,1.0
193,49,1450,2,1,1404,0.968275862069
196,50,1616,3,1,1504,0.930693069307
197,51,1504,1,1,1504,1.0
198,52,1504,1,1,1504,1.0
200,53,1256,2,1,1188,0.945859872611
201,54,1504,1,1,1504,1.0
204,55,1606,3,1,1504,0.936488169365
205,56,64,1,1,64,1.0
219,57,6562,14,2,3008,0.458396830235
220,58,84,1,1,84,1.0
221,59,1504,1,1,1504,1.0
232,60,7417,11,1,1504,0.202777403263
233,61,56,1,1,56,1.0
235,62,1560,2,1,1504,0.964102564103
237,63,100,2,1,50,0.5
238,64,632,1,1,632,1.0
245,65,4970,7,1,1504,0.302615694165
247,66,1550,2,1,1504,0.970322580645
248,67,1504,1,1,1504,1.0
260,68,6170,12,1,1504,0.24376012966
265,69,4618,5,1,1504,0.325682113469
278,70,8490,13,2,3008,0.354299175501
279,71,1504,1,1,1504,1.0
280,72,1504,1,1,1504,1.0
281,73,56,1,1,56,1.0
282,74,1504,1,1,1504,1.0
285,75,4028,3,1,1504,0.373386295929
286,76,50,1,1,50,1.0
293,77,5170,7,1,1504,0.290909090909
294,78,93,1,1,93,1.0
295,79,1504,1,1,1504,1.0
298,80,1606,3,1,1504,0.936488169365
300,81,1550,2,1,1504,0.970322580645
304,82,3060,4,1,1504,0.491503267974
305,83,1460,1,1,1460,1.0
308,84,1005,3,1,893,0.88855721393
309,85,1504,1,1,1504,1.0
310,86,46,1,1,46,1.0
318,87,6993,8,2,3008,0.430144430144
327,88,4641,9,1,1504,0.324068088774
328,89,1504,1,1,1504,1.0
330,90,3008,2,1,1504,0.5
333,91,219,3,1,113,0.51598173516
335,92,404,2,1,336,0.831683168317
340,93,4614,5,1,1504,0.325964456003
341,94,431,1,1,431,1.0
342,95,76,1,1,76,1.0
351,96,4295,9,1,1504,0.350174621653
352,97,1496,1,1,1496,1.0
353,98,1404,1,1,1404,1.0
354,99,1504,1,1,1504,1.0
359,100,2732,5,1,1504,0.550512445095
363,101,1715,4,1,1504,0.876967930029
364,102,56,1,1,56,1.0
365,103,1504,1,1,1504,1.0
366,104,50,1,1,50,1.0
368,105,1550,2,1,1504,0.970322580645
369,106,56,1,1,56,1.0
370,107,56,1,1,56,1.0
371,108,1504,1,1,1504,1.0
374,109,3054,3,1,1504,0.492468893255
378,110,3128,4,1,1504,0.480818414322
379,111,1504,1,1,1504,1.0
382,112,3254,3,2,3008,0.924400737554
383,113,1504,1,1,1504,1.0
389,114,5806,6,2,2552,0.439545297968
390,115,50,1,1,50,1.0
391,116,68,1,1,68,1.0
398,117,1980,7,1,1504,0.759595959596
399,118,46,1,1,46,1.0
400,119,50,1,1,50,1.0
401,120,131,1,1,131,1.0
403,121,1460,2,1,1404,0.961643835616
405,122,1623,2,1,1444,0.889710412816
406,123,1504,1,1,1504,1.0
407,124,50,1,1,50,1.0
409,125,1490,2,1,1444,0.969127516779
410,126,1504,1,1,1504,1.0
411,127,1504,1,1,1504,1.0
415,128,2944,4,1,1444,0.490489130435
416,129,1444,1,1,1444,1.0
424,130,6228,8,2,3008,0.482980089917
425,131,56,1,1,56,1.0
426,132,1444,1,1,1444,1.0
431,133,2664,5,1,1496,0.561561561562
433,134,181,2,1,113,0.624309392265
434,135,1504,1,1,1504,1.0
435,136,1504,1,1,1504,1.0
438,137,1616,3,1,1504,0.930693069307
442,138,1557,4,1,1363,0.875401412974
443,139,46,1,1,46,1.0
448,140,2263,5,1,1444,0.638091029607
449,141,56,1,1,56,1.0
452,142,1612,3,1,1504,0.93300248139
458,143,6564,6,1,1496,0.227909811091
459,144,1504,1,1,1504,1.0
470,145,5618,11,2,2888,0.514061943752
483,146,10103,13,2,3008,0.297733346531
484,147,64,1,1,64,1.0
488,148,1945,4,1,1363,0.700771208226
491,149,184,3,2,128,0.695652173913
492,150,1363,1,1,1363,1.0
496,151,3068,4,1,1504,0.490221642764
503,152,4694,7,1,1504,0.320409032808
504,153,1504,1,1,1504,1.0
509,154,3010,5,1,1444,0.479734219269
515,155,3426,6,1,1504,0.438995913602
516,156,1444,1,1,1444,1.0
522,157,3331,6,1,1504,0.451516061243
525,158,3122,3,1,1444,0.462524023062
530,159,2020,5,1,1504,0.744554455446
537,160,8395,7,2,3008,0.358308516974
545,161,5306,8,2,1964,0.370147003392
546,162,46,1,1,46,1.0
549,163,2103,3,2,2053,0.976224441274
550,164,60,1,1,60,1.0
551,165,1477,1,1,1477,1.0
552,166,64,1,1,64,1.0
553,167,68,1,1,68,1.0
554,168,1504,1,1,1504,1.0
555,169,50,1,1,50,1.0
556,170,64,1,1,64,1.0
557,171,46,1,1,46,1.0
558,172,1504,1,1,1504,1.0
560,173,1550,2,1,1504,0.970322580645
561,174,1504,1,1,1504,1.0
565,175,2977,4,1,1504,0.505206583809
566,176,1504,1,1,1504,1.0
567,177,1504,1,1,1504,1.0
568,178,1504,1,1,1504,1.0
576,179,7898,8,2,3008,0.380855912889
578,180,1560,2,1,1504,0.964102564103
579,181,340,1,1,340,1.0
580,182,56,1,1,56,1.0
581,183,56,1,1,56,1.0
585,184,1672,4,1,1504,0.8995215311
587,185,2293,2,1,1284,0.559965111208
588,186,76,1,1,76,1.0
592,187,1680,4,1,1504,0.895238095238
593,188,1504,1,1,1504,1.0
594,189,56,1,1,56,1.0
596,190,102,2,2,102,1.0
598,191,330,2,1,274,0.830303030303
599,192,1504,1,1,1504,1.0
600,193,56,1,1,56,1.0
602,194,543,2,1,497,0.915285451197
603,195,46,1,1,46,1.0
610,196,3598,7,2,2014,0.559755419678
615,197,3294,5,1,1504,0.456587735276
617,198,1587,2,1,1504,0.947700063012
618,199,1504,1,1,1504,1.0
620,200,1554,2,1,1504,0.967824967825
627,201,4556,7,1,1504,0.330114135206
628,202,46,1,1,46,1.0
635,203,5782,7,2,2549,0.440850916638
636,204,1261,1,1,1261,1.0
637,205,1504,1,1,1504,1.0
643,206,3273,6,1,1504,0.45951726245
644,207,56,1,1,56,1.0
649,208,2238,5,1,1504,0.672028596962
650,209,46,1,1,46,1.0
651,210,56,1,1,56,1.0
652,211,1504,1,1,1504,1.0
656,212,1672,4,1,1504,0.8995215311
657,213,1504,1,1,1504,1.0
658,214,56,1,1,56,1.0
662,215,3110,4,1,1504,0.483601286174
663,216,1504,1,1,1504,1.0
664,217,1504,1,1,1504,1.0
665,218,56,1,1,56,1.0
668,219,3064,3,1,1504,0.490861618799
673,220,5323,5,1,1504,0.282547435657
677,221,1688,4,1,1504,0.890995260664
678,222,1504,1,1,1504,1.0
683,223,3514,5,1,1504,0.428002276608
684,224,1504,1,1,1504,1.0
686,225,102,2,1,56,0.549019607843
689,226,4512,3,1,1504,0.333333333333
692,227,1606,3,1,1504,0.936488169365
693,228,1504,1,1,1504,1.0
695,229,606,2,1,556,0.917491749175
713,230,10903,18,2,3008,0.275887370449
718,231,4351,5,1,1504,0.345667662606
719,232,1504,1,1,1504,1.0
721,233,1224,2,1,1168,0.954248366013
722,234,1504,1,1,1504,1.0
726,235,1662,4,1,1504,0.904933814681
734,236,3436,8,1,1504,0.437718277066
735,237,1504,1,1,1504,1.0
736,238,1504,1,1,1504,1.0
737,239,1424,1,1,1424,1.0
741,240,2491,4,1,1504,0.603773584906
763,241,22835,22,4,6016,0.263455222247
773,242,10686,10,2,3008,0.281489799738
781,243,7429,8,2,2749,0.370036344057
782,244,1504,1,1,1504,1.0
783,245,1504,1,1,1504,1.0
791,246,3425,8,1,1504,0.439124087591
793,247,260,2,1,204,0.784615384615
794,248,1352,1,1,1352,1.0
815,249,19113,21,5,7520,0.393449484644
817,250,112,2,1,56,0.5
818,251,1504,1,1,1504,1.0
824,252,6290,6,1,1504,0.239109697933
827,253,3012,3,1,1504,0.499335989376
836,254,6296,9,1,1504,0.238881829733
837,255,1504,1,1,1504,1.0
839,256,116,2,1,66,0.568965517241
843,257,4568,4,2,3008,0.658493870403
849,258,6860,6,2,3008,0.438483965015
859,259,10234,10,2,2552,0.249364862224
861,260,2552,2,1,1504,0.58934169279
862,261,56,1,1,56,1.0
866,262,3140,4,1,1504,0.47898089172
867,263,1504,1,1,1504,1.0
875,264,2835,8,1,1504,0.530511463845
876,265,987,1,1,987,1.0
883,266,6660,7,3,4512,0.677477477477
884,267,1504,1,1,1504,1.0
885,268,1504,1,1,1504,1.0
886,269,56,1,1,56,1.0
888,270,669,2,1,613,0.916292974589
892,271,4873,4,1,1504,0.308639441822
894,272,579,2,1,523,0.903281519862
896,273,289,2,1,225,0.778546712803
898,274,1787,2,1,1504,0.841634023503
899,275,1504,1,1,1504,1.0
900,276,578,1,1,578,1.0
901,277,56,1,1,56,1.0
905,278,4257,4,1,1504,0.353300446324
906,279,1504,1,1,1504,1.0
907,280,744,1,1,744,1.0
908,281,1504,1,1,1504,1.0
911,282,1606,3,1,1504,0.936488169365
914,283,1648,3,2,1592,0.966019417476
915,284,1504,1,1,1504,1.0
918,285,1600,3,1,1504,0.94
919,286,1504,1,1,1504,1.0
920,287,1504,1,1,1504,1.0
921,288,68,1,1,68,1.0
925,289,1668,4,1,1504,0.901678657074
926,290,50,1,1,50,1.0
931,291,2215,5,1,1504,0.679006772009
934,292,3064,3,1,1504,0.490861618799
937,293,1616,3,1,1504,0.930693069307
938,294,1504,1,1,1504,1.0
940,295,1560,2,1,1504,0.964102564103
941,296,56,1,1,56,1.0
948,297,2848,7,1,1504,0.52808988764
950,298,1560,2,1,1504,0.964102564103
951,299,1504,1,1,1504,1.0
952,300,1504,1,1,1504,1.0
953,301,1504,1,1,1504,1.0
955,302,1560,2,1,1504,0.964102564103
958,303,3058,3,1,1504,0.491824722041
964,304,4738,6,1,1504,0.317433516252
965,305,1504,1,1,1504,1.0
968,306,2300,3,1,1504,0.653913043478
969,307,1504,1,1,1504,1.0
971,308,1560,2,1,1504,0.964102564103
975,309,4568,4,1,1504,0.329246935201
976,310,1504,1,1,1504,1.0
980,311,4568,4,1,1504,0.329246935201
981,312,1504,1,1,1504,1.0
982,313,46,1,1,46,1.0
983,314,1188,1,1,1188,1.0
987,315,2658,4,1,1504,0.565838976674
988,316,1504,1,1,1504,1.0
990,317,1317,2,1,1261,0.95747911921
991,318,1504,1,1,1504,1.0
993,319,469,2,1,273,0.582089552239
994,320,1404,1,1,1404,1.0
995,321,1244,1,1,1244,1.0
996,322,1404,1,1,1404,1.0
997,323,50,1,1,50,1.0
998,324,1504,1,1,1504,1.0
1004,325,4015,6,1,1504,0.374595267746
1005,326,71,1,1,71,1.0
1006,327,1504,1,1,1504,1.0
1010,328,218,4,1,56,0.256880733945
1013,329,205,3,1,109,0.531707317073
1015,330,2593,2,1,1504,0.580023139221
1016,331,56,1,1,56,1.0
1018,332,1350,2,1,1304,0.965925925926
1019,333,343,1,1,343,1.0
1023,334,3033,4,1,1504,0.495878667985
1024,335,56,1,1,56,1.0
1025,336,50,1,1,50,1.0
1026,337,1504,1,1,1504,1.0
1027,338,50,1,1,50,1.0
1028,339,56,1,1,56,1.0
1029,340,1504,1,1,1504,1.0
1033,341,1676,4,1,1504,0.897374701671
1034,342,56,1,1,56,1.0
1035,343,56,1,1,56,1.0
1036,344,1504,1,1,1504,1.0
1037,345,897,1,1,897,1.0
1042,346,2582,5,1,1504,0.58249419055
1049,347,4317,7,1,1504,0.348390085708
1051,348,106,2,1,56,0.528301886792
1052,349,1504,1,1,1504,1.0
1055,350,2608,3,1,1504,0.576687116564
1056,351,56,1,1,56,1.0
1057,352,46,1,1,46,1.0
1059,353,175,2,1,99,0.565714285714
1062,354,1606,3,1,1504,0.936488169365
1065,355,983,3,1,863,0.877924720244
1069,356,198,4,1,56,0.282828282828
1070,357,1504,1,1,1504,1.0
1071,358,56,1,1,56,1.0
1072,359,46,1,1,46,1.0
1075,360,4512,3,1,1504,0.333333333333
1094,361,21028,19,6,9024,0.429142096253
1098,362,1524,4,1,1362,0.893700787402
1099,363,46,1,1,46,1.0
1100,364,1504,1,1,1504,1.0
1101,365,1504,1,1,1504,1.0
1103,366,119,2,1,69,0.579831932773
1104,367,1504,1,1,1504,1.0
1106,368,663,2,1,482,0.726998491704
1110,369,4583,4,1,1504,0.328169321405
1114,370,3100,4,2,3008,0.970322580645
1115,371,1486,1,1,1486,1.0
1120,372,1864,5,1,1504,0.80686695279
1123,373,1341,3,1,1245,0.92841163311
1124,374,1504,1,1,1504,1.0
1126,375,120,2,1,64,0.533333333333
1135,376,4292,9,1,1504,0.350419384902
1136,377,1504,1,1,1504,1.0
1146,378,2693,10,1,1504,0.55848496101
1150,379,204,4,1,56,0.274509803922
1151,380,1504,1,1,1504,1.0
1157,381,1357,6,1,963,0.709653647752
1160,382,2465,3,2,1584,0.642596348884
1161,383,52,1,1,52,1.0
1164,384,668,3,1,556,0.832335329341
1165,385,1400,1,1,1400,1.0
1168,386,1879,3,1,1400,0.745077168707
1169,387,1504,1,1,1504,1.0
1189,388,22544,20,8,11288,0.500709723208
1190,389,1504,1,1,1504,1.0
1209,390,19536,19,11,14770,0.75604013104
1210,391,1484,1,1,1484,1.0
1213,392,1758,3,1,1504,0.855517633675
1219,393,4672,6,3,4512,0.965753424658
1221,394,381,2,1,325,0.853018372703
1222,395,1504,1,1,1504,1.0
1226,396,3396,4,1,1504,0.442873969376
1229,397,2556,3,1,1504,0.588419405321
1230,398,1504,1,1,1504,1.0
1234,399,1658,4,1,1504,0.907117008444
1235,400,1504,1,1,1504,1.0
1238,401,2980,3,1,1504,0.504697986577
1239,402,50,1,1,50,1.0
1240,403,434,1,1,434,1.0
1242,404,1560,2,1,1504,0.964102564103
1244,405,979,2,1,929,0.948927477017
1245,406,56,1,1,56,1.0
1247,407,112,2,1,56,0.5
1248,408,1502,1,1,1502,1.0
1257,409,3384,9,1,1504,0.444444444444
1258,410,347,1,1,347,1.0
1263,411,3080,5,1,1504,0.488311688312
1281,412,10958,18,4,5696,0.519802883738
1284,413,1536,3,1,1424,0.927083333333
1286,414,1480,2,1,1424,0.962162162162
1289,415,1544,3,1,1424,0.922279792746
1291,416,1634,2,1,1424,0.871481028152
1293,417,814,2,1,764,0.938574938575
1294,418,46,1,1,46,1.0
1298,419,2061,4,1,1504,0.72974284328
1300,420,3008,2,1,1504,0.5
1303,421,3054,3,2,3008,0.984937786509
1304,422,1504,1,1,1504,1.0
1305,423,56,1,1,56,1.0
1306,424,1424,1,1,1424,1.0
1309,425,833,3,1,731,0.877551020408
1310,426,1424,1,1,1424,1.0
1333,427,19600,23,6,8544,0.435918367347
1334,428,1504,1,1,1504,1.0
1335,429,1504,1,1,1504,1.0
1338,430,1620,3,1,1504,0.928395061728
1340,431,255,2,1,199,0.780392156863
1341,432,46,1,1,46,1.0
1344,433,2479,3,1,1504,0.606696248487
1347,434,4039,3,1,1504,0.372369398366
1348,435,1504,1,1,1504,1.0
1350,436,1311,2,1,1261,0.961861174676
1351,437,1504,1,1,1504,1.0
1355,438,2315,4,1,1256,0.542548596112
1357,439,3008,2,1,1504,0.5
1360,440,1742,3,1,1504,0.86337543054
1361,441,1504,1,1,1504,1.0
1369,442,3369,8,1,1504,0.446423271
1370,443,56,1,1,56,1.0
1371,444,56,1,1,56,1.0
1378,445,8160,7,2,3000,0.367647058824
1381,446,2164,3,1,1504,0.695009242144
1382,447,56,1,1,56,1.0
1383,448,1504,1,1,1504,1.0
1388,449,2937,5,1,1504,0.512087163773
1395,450,5480,7,1,1504,0.274452554745
1398,451,474,3,1,382,0.805907172996
1406,452,4796,8,1,1504,0.313594662219
1407,453,1484,1,1,1484,1.0
1411,454,2219,4,2,1605,0.723298783236
1412,455,1504,1,1,1504,1.0
1417,456,2261,5,2,1918,0.848297213622
1420,457,1298,3,1,890,0.685670261941
1421,458,1504,1,1,1504,1.0
1426,459,6080,5,1,1504,0.247368421053
1433,460,3846,7,1,1504,0.391055642226
1434,461,987,1,1,987,1.0
1435,462,68,1,1,68,1.0
1436,463,1504,1,1,1504,1.0
1439,464,162,3,2,112,0.691358024691
1440,465,1504,1,1,1504,1.0
1441,466,1504,1,1,1504,1.0
1443,467,755,2,1,551,0.729801324503
1445,468,102,2,1,56,0.549019607843
1449,469,4568,4,2,3008,0.658493870403
1455,470,4680,6,1,1504,0.321367521368
1456,471,56,1,1,56,1.0
1459,472,3064,3,1,1504,0.490861618799
1460,473,56,1,1,56,1.0
1461,474,1504,1,1,1504,1.0
1462,475,1504,1,1,1504,1.0
1487,476,22550,25,7,10528,0.466873614191
1488,477,1504,1,1,1504,1.0
1489,478,67,1,1,67,1.0
1490,479,1504,1,1,1504,1.0
1492,480,112,2,1,56,0.5
1493,481,52,1,1,52,1.0
1495,482,106,2,1,56,0.528301886792
1496,483,1504,1,1,1504,1.0
1502,484,536,6,1,141,0.263059701493
1505,485,158,3,2,112,0.708860759494
1508,486,148,3,2,92,0.621621621622
1510,487,112,2,1,56,0.5
1519,488,10622,9,5,7520,0.70796460177
1520,489,580,1,1,580,1.0
1523,490,2257,3,1,1504,0.666371289322
1527,491,208,4,2,112,0.538461538462
1534,492,4078,7,3,2412,0.591466405101
1535,493,56,1,1,56,1.0
1536,494,1504,1,1,1504,1.0
1539,495,166,3,1,68,0.409638554217
1540,496,1504,1,1,1504,1.0
1541,497,56,1,1,56,1.0
1550,498,2750,9,1,1504,0.546909090909
1553,499,152,3,1,56,0.368421052632
1558,500,1720,5,1,1504,0.874418604651
1562,501,1692,4,1,1504,0.888888888889
1563,502,1504,1,1,1504,1.0
1568,503,4445,5,1,1504,0.338357705287
1572,504,5700,4,2,2692,0.472280701754
1578,505,8076,6,5,7520,0.931154036652
1580,506,1550,2,1,1504,0.970322580645
1581,507,56,1,1,56,1.0
1583,508,124,2,1,68,0.548387096774
1585,509,1550,2,1,1504,0.970322580645
1586,510,1504,1,1,1504,1.0
1587,511,1504,1,1,1504,1.0
1588,512,1504,1,1,1504,1.0
1589,513,56,1,1,56,1.0
1590,514,1504,1,1,1504,1.0
1591,515,204,1,1,204,1.0
1594,516,1640,3,1,1504,0.917073170732
1598,517,4580,4,1,1504,0.328384279476
1600,518,102,2,1,56,0.549019607843
1601,519,1048,1,1,1048,1.0
1611,520,6932,10,1,1504,0.216964800923
1613,521,1554,2,1,1504,0.967824967825
1617,522,4580,4,2,3008,0.656768558952
1620,523,161,3,1,59,0.366459627329
1622,524,1560,2,1,1504,0.964102564103
1623,525,1504,1,1,1504,1.0
1626,526,1356,3,1,1244,0.917404129794
1632,527,4700,6,2,1626,0.345957446809
1634,528,1560,2,1,1504,0.964102564103
1635,529,50,1,1,50,1.0
1636,530,46,1,1,46,1.0
1637,531,1424,1,1,1424,1.0
1638,532,1504,1,1,1504,1.0
1662,533,25370,24,5,7520,0.296413086322
1671,534,6202,9,1,1504,0.242502418575
1673,535,132,2,1,76,0.575757575758
1674,536,1504,1,1,1504,1.0
1676,537,106,2,1,56,0.528301886792
1684,538,7278,8,2,2848,0.391316295686
1691,539,4700,7,2,3008,0.64
1700,540,7684,9,3,4512,0.587194169703
1704,541,3195,4,2,1635,0.511737089202
1705,542,56,1,1,56,1.0
1706,543,1504,1,1,1504,1.0
1708,544,96,2,1,50,0.520833333333
1709,545,46,1,1,46,1.0
1710,546,1444,1,1,1444,1.0
1711,547,46,1,1,46,1.0
1716,548,2965,5,1,1504,0.507251264755
1720,549,3605,4,2,1796,0.498196948682
1741,550,19327,21,5,7520,0.389092978734
1745,551,2455,4,2,2329,0.948676171079
1746,552,1504,1,1,1504,1.0
1747,553,1504,1,1,1504,1.0
1748,554,204,1,1,204,1.0
1750,555,128,2,2,128,1.0
1756,556,3208,6,2,2860,0.891521197007
1757,557,50,1,1,50,1.0
1761,558,200,4,4,200,1.0
1765,559,206,4,3,150,0.728155339806
1783,560,9433,18,2,3008,0.318880525814
1788,561,2000,5,1,1504,0.752
1790,562,102,2,1,56,0.549019607843
1791,563,1504,1,1,1504,1.0
1826,564,29542,35,6,9024,0.305463408029
1827,565,1504,1,1,1504,1.0
1829,566,118,2,1,68,0.576271186441
1831,567,102,2,1,56,0.549019607843
1833,568,124,2,1,68,0.548387096774
1834,569,1504,1,1,1504,1.0
1847,570,8639,13,3,4512,0.522282671606
1850,571,3193,3,1,1504,0.471030378954
1851,572,705,1,1,705,1.0
1852,573,1504,1,1,1504,1.0
1853,574,204,1,1,204,1.0
1873,575,14328,20,5,7520,0.524846454495
1878,576,1728,5,1,1504,0.87037037037
1879,577,56,1,1,56,1.0
1880,578,1504,1,1,1504,1.0
1881,579,46,1,1,46,1.0
1891,580,3504,10,1,1504,0.429223744292
1892,581,1504,1,1,1504,1.0
1893,582,50,1,1,50,1.0
1905,583,9833,12,3,4512,0.458863012306
1907,584,1560,2,1,1504,0.964102564103
1911,585,214,4,1,56,0.261682242991
1912,586,56,1,1,56,1.0
1913,587,1494,1,1,1494,1.0
1914,588,396,1,1,396,1.0
1915,589,1494,1,1,1494,1.0
1916,590,1494,1,1,1494,1.0
1922,591,3511,6,2,2988,0.85103958986
1923,592,50,1,1,50,1.0
1925,593,2940,2,1,1496,0.508843537415
1926,594,64,1,1,64,1.0
1927,595,50,1,1,50,1.0
1929,596,140,2,1,84,0.6
1931,597,1557,2,1,1496,0.96082209377
1932,598,56,1,1,56,1.0
1933,599,1496,1,1,1496,1.0
1935,600,1550,2,1,1504,0.970322580645
1936,601,50,1,1,50,1.0
1938,602,128,2,1,82,0.640625
1942,603,1691,4,1,1504,0.889414547605
1944,604,1552,2,1,1496,0.963917525773
1955,605,6900,11,2,3008,0.435942028986
1957,606,1560,2,1,1504,0.964102564103
1958,607,1504,1,1,1504,1.0
1961,608,1616,3,1,1504,0.930693069307
1964,609,1656,3,1,1504,0.908212560386
1984,610,17646,20,6,9024,0.511390683441
1985,611,74,1,1,74,1.0
1988,612,2539,3,1,1496,0.589208349744
1991,613,3048,3,1,1496,0.490813648294
1996,614,4992,5,2,2992,0.599358974359
1998,615,193,2,1,109,0.564766839378
1999,616,1504,1,1,1504,1.0
2000,617,1504,1,1,1504,1.0
2005,618,270,5,3,168,0.622222222222
2006,619,46,1,1,46,1.0
2007,620,1504,1,1,1504,1.0
2012,621,514,5,1,247,0.480544747082
2013,622,1504,1,1,1504,1.0
2015,623,1560,2,1,1504,0.964102564103
2017,624,102,2,1,56,0.549019607843
2018,625,1504,1,1,1504,1.0
2020,626,638,2,1,592,0.92789968652
2021,627,1504,1,1,1504,1.0
2022,628,204,1,1,204,1.0
2023,629,1504,1,1,1504,1.0
2028,630,4624,5,2,3008,0.650519031142
2029,631,1504,1,1,1504,1.0
2031,632,1560,2,1,1504,0.964102564103
2032,633,56,1,1,56,1.0
2033,634,56,1,1,56,1.0
2034,635,50,1,1,50,1.0
2036,636,136,2,2,136,1.0
2037,637,50,1,1,50,1.0
2038,638,829,1,1,829,1.0
2039,639,373,1,1,373,1.0
2042,640,192,3,2,136,0.708333333333
2044,641,556,2,1,506,0.910071942446
2045,642,1504,1,1,1504,1.0
2046,643,52,1,1,52,1.0
2047,644,46,1,1,46,1.0
2049,645,1617,2,1,1504,0.930117501546
2051,646,2038,2,1,1504,0.737978410206
2052,647,1504,1,1,1504,1.0
2053,648,1424,1,1,1424,1.0
2055,649,1470,2,1,1424,0.968707482993
2056,650,1496,1,1,1496,1.0
2059,651,831,3,1,723,0.870036101083
2060,652,289,1,1,289,1.0
2061,653,64,1,1,64,1.0
2063,654,981,2,1,925,0.942915392457
2064,655,56,1,1,56,1.0
2065,656,1504,1,1,1504,1.0
2066,657,68,1,1,68,1.0
2067,658,1504,1,1,1504,1.0
2073,659,3216,6,1,1504,0.467661691542
2074,660,1444,1,1,1444,1.0
2075,661,1504,1,1,1504,1.0
2077,662,112,2,1,56,0.5
2078,663,50,1,1,50,1.0
2079,664,84,1,1,84,1.0
2080,665,1504,1,1,1504,1.0
2087,666,342,7,5,230,0.672514619883
2088,667,442,1,1,442,1.0
2089,668,46,1,1,46,1.0
2090,669,50,1,1,50,1.0
2110,670,23031,20,7,10528,0.457123008119
2112,671,3000,2,1,1504,0.501333333333
2115,672,4504,3,1,1504,0.333925399645
2122,673,5011,7,1,1504,0.300139692676
2123,674,56,1,1,56,1.0
2126,675,3124,3,1,1504,0.481434058899
2131,676,4634,5,2,2992,0.645662494605
2132,677,68,1,1,68,1.0
2140,678,6174,8,2,2992,0.484612892776
2141,679,46,1,1,46,1.0
2145,680,218,4,1,56,0.256880733945
2147,681,168,2,1,122,0.72619047619
2148,682,56,1,1,56,1.0
2149,683,1504,1,1,1504,1.0
2150,684,56,1,1,56,1.0
2156,685,4414,6,1,1504,0.340734028092
2157,686,52,1,1,52,1.0
2158,687,1504,1,1,1504,1.0
2160,688,2417,2,1,1504,0.622258998759
2164,689,2802,4,2,2692,0.960742326909
2165,690,1504,1,1,1504,1.0
2168,691,1596,3,1,1504,0.942355889724
2169,692,1504,1,1,1504,1.0
2174,693,262,5,2,92,0.351145038168
2175,694,1504,1,1,1504,1.0
2178,695,162,3,1,56,0.345679012346
2181,696,150,3,3,150,1.0
2182,697,1504,1,1,1504,1.0
2183,698,50,1,1,50,1.0
2189,699,2198,6,1,1504,0.684258416742
2190,700,1504,1,1,1504,1.0
2200,701,2192,10,1,1504,0.686131386861
2201,702,1504,1,1,1504,1.0
2204,703,1616,3,1,1504,0.930693069307
2209,704,5233,5,1,1504,0.2874068412
2211,705,1897,2,1,1504,0.792830785451
2212,706,64,1,1,64,1.0
2213,707,1504,1,1,1504,1.0
2216,708,1912,3,1,1504,0.786610878661
2222,709,280,6,5,230,0.821428571429
2231,710,3350,9,1,1504,0.448955223881
2232,711,204,1,1,204,1.0
2233,712,556,1,1,556,1.0
2234,713,1504,1,1,1504,1.0
2236,714,1554,2,1,1504,0.967824967825
2237,715,68,1,1,68,1.0
2241,716,2926,4,1,1504,0.514012303486
2242,717,83,1,1,83,1.0
2246,718,208,4,1,56,0.269230769231
2247,719,1474,1,1,1474,1.0
2252,720,3162,5,1,1504,0.475648323846
2253,721,781,1,1,781,1.0
2262,722,9229,9,3,4512,0.488893704627
2265,723,4512,3,2,3008,0.666666666667
2275,724,8147,10,2,3008,0.369215662207
2285,725,10465,10,4,6000,0.573339703774
2290,726,4100,5,1,1504,0.366829268293
2292,727,120,2,1,64,0.533333333333
2293,728,1496,1,1,1496,1.0
2294,729,1504,1,1,1504,1.0
2295,730,56,1,1,56,1.0
2296,731,1504,1,1,1504,1.0
2300,732,1688,4,1,1496,0.886255924171
2301,733,1504,1,1,1504,1.0
2302,734,253,1,1,253,1.0
2304,735,1550,2,1,1504,0.970322580645
2306,736,2552,2,1,1504,0.58934169279
2307,737,56,1,1,56,1.0
2312,738,4616,5,2,3008,0.65164644714
2318,739,6351,6,2,3008,0.473626200598
2320,740,3008,2,1,1504,0.5
2323,741,1646,3,1,1504,0.913730255164
2325,742,2908,2,1,1504,0.51719394773
2327,743,3008,2,1,1504,0.5
2331,744,4513,4,1,1504,0.333259472635
2335,745,4558,4,1,1504,0.329969284774
2343,746,7032,8,2,3008,0.427758816837
2344,747,1504,1,1,1504,1.0
2357,748,10507,13,2,3008,0.286285333587
2358,749,1504,1,1,1504,1.0
2362,750,4560,4,1,1504,0.329824561404
2363,751,56,1,1,56,1.0
2364,752,1504,1,1,1504,1.0
2367,753,3076,3,1,1504,0.488946684005
2371,754,1699,4,1,1504,0.885226603885
2372,755,69,1,1,69,1.0
2398,756,27889,26,8,12032,0.431424575998
2399,757,1504,1,1,1504,1.0
2401,758,1560,2,1,1504,0.964102564103
2403,759,831,2,1,785,0.944645006017
2413,760,9279,10,2,3008,0.324172863455
2434,761,16986,21,4,6016,0.354174025668
2435,762,50,1,1,50,1.0
2436,763,1504,1,1,1504,1.0
2437,764,46,1,1,46,1.0
2438,765,1504,1,1,1504,1.0
2444,766,3514,6,1,1504,0.428002276608
2445,767,1444,1,1,1444,1.0
2448,768,1610,3,1,1504,0.934161490683
2455,769,9317,7,2,2552,0.273907910272
2459,770,4558,4,2,3008,0.659938569548
2460,771,1504,1,1,1504,1.0
2465,772,3515,5,1,1504,0.427880512091
2469,773,1694,4,1,1504,0.887839433294
2470,774,1504,1,1,1504,1.0
2471,775,1504,1,1,1504,1.0
2472,776,46,1,1,46,1.0
2473,777,1504,1,1,1504,1.0
2483,778,7733,10,2,2800,0.362084572611
2485,779,1560,2,1,1504,0.964102564103
2486,780,50,1,1,50,1.0
2493,781,4792,7,1,1504,0.313856427379
2495,782,1560,2,1,1504,0.964102564103
2496,783,1474,1,1,1474,1.0
2506,784,7790,10,2,3008,0.386136071887
2512,785,2661,6,1,1504,0.565201052236
2514,786,1588,2,1,1504,0.947103274559
2518,787,393,4,1,223,0.567430025445
2520,788,2669,2,1,1504,0.563506931435
2522,789,106,2,1,56,0.528301886792
2523,790,80,1,1,80,1.0
2527,791,1978,4,1,1504,0.760364004044
2528,792,1276,1,1,1276,1.0
2533,793,1732,5,1,1504,0.868360277136
2535,794,1222,2,1,1176,0.962356792144
2536,795,1504,1,1,1504,1.0
2541,796,4646,5,2,3008,0.647438656909
2542,797,60,1,1,60,1.0
2543,798,50,1,1,50,1.0
2544,799,1504,1,1,1504,1.0
2545,800,1504,1,1,1504,1.0
2551,801,6128,6,4,6016,0.981723237598
2552,802,1504,1,1,1504,1.0
2555,803,1606,3,1,1504,0.936488169365
2561,804,348,6,1,84,0.241379310345
2562,805,56,1,1,56,1.0
2563,806,1504,1,1,1504,1.0
2564,807,56,1,1,56,1.0
2567,808,462,3,1,370,0.800865800866
2569,809,92,2,1,46,0.5
2571,810,110,2,1,64,0.581818181818
2572,811,56,1,1,56,1.0
2573,812,1504,1,1,1504,1.0
2586,813,9592,13,3,4512,0.470391993328
2587,814,56,1,1,56,1.0
2592,815,5859,5,1,1504,0.256699095409
2595,816,162,3,1,56,0.345679012346
2598,817,425,3,1,300,0.705882352941
2599,818,68,1,1,68,1.0
2600,819,46,1,1,46,1.0
2601,820,50,1,1,50,1.0
2602,821,68,1,1,68,1.0
2603,822,50,1,1,50,1.0
2604,823,46,1,1,46,1.0
2605,824,56,1,1,56,1.0
2606,825,56,1,1,56,1.0
2608,826,112,2,1,56,0.5
2613,827,1740,5,1,1504,0.864367816092
2618,828,1714,5,1,1500,0.875145857643
2619,829,1504,1,1,1504,1.0
2620,830,56,1,1,56,1.0
2622,831,1550,2,1,1504,0.970322580645
2623,832,1504,1,1,1504,1.0
2624,833,1504,1,1,1504,1.0
2629,834,4624,5,2,3008,0.650519031142
2630,835,1504,1,1,1504,1.0
2631,836,1504,1,1,1504,1.0
2632,837,68,1,1,68,1.0
2636,838,2149,4,1,1504,0.699860400186
2646,839,7565,10,1,1504,0.198810310641
2647,840,56,1,1,56,1.0
2648,841,1504,1,1,1504,1.0
2649,842,46,1,1,46,1.0
2650,843,56,1,1,56,1.0
2651,844,1504,1,1,1504,1.0
2655,845,310,4,1,125,0.403225806452
2656,846,1504,1,1,1504,1.0
2662,847,2696,6,2,2447,0.907640949555
2663,848,618,1,1,618,1.0
2664,849,1504,1,1,1504,1.0
2665,850,84,1,1,84,1.0
2667,851,344,2,1,280,0.813953488372
2670,852,1663,3,1,1504,0.904389657246
2695,853,24040,25,6,9024,0.37537437604
2701,854,3557,6,1,1504,0.422828226033
2702,855,56,1,1,56,1.0
2703,856,56,1,1,56,1.0
2710,857,3324,7,1,1504,0.452466907341
2711,858,1504,1,1,1504,1.0
2716,859,1770,5,1,1504,0.849717514124
2717,860,46,1,1,46,1.0
2718,861,46,1,1,46,1.0
2723,862,3198,5,1,1504,0.470293933709
2724,863,64,1,1,64,1.0
2725,864,1504,1,1,1504,1.0
2734,865,6669,9,1,1504,0.225521067626
2739,866,6054,5,1,1504,0.248430789561
2741,867,1708,2,1,1504,0.88056206089
2744,868,174,3,1,68,0.390804597701
2745,869,64,1,1,64,1.0
2746,870,56,1,1,56,1.0
2748,871,114,2,1,64,0.561403508772
2749,872,87,1,1,87,1.0
2751,873,148,2,1,92,0.621621621622
2753,874,1460,2,1,1404,0.961643835616
2755,875,3008,2,1,1504,0.5
2759,876,962,4,1,810,0.841995841996
2760,877,50,1,1,50,1.0
2761,878,1504,1,1,1504,1.0
2763,879,1478,2,1,1404,0.949932341001
2767,880,214,4,1,56,0.261682242991
2768,881,56,1,1,56,1.0
2772,882,1674,4,1,1504,0.898446833931
2773,883,1504,1,1,1504,1.0
2778,884,1946,5,1,1424,0.731757451182
2779,885,987,1,1,987,1.0
2780,886,64,1,1,64,1.0
2782,887,116,2,1,60,0.51724137931
2783,888,56,1,1,56,1.0
2784,889,46,1,1,46,1.0
2785,890,52,1,1,52,1.0
2786,891,56,1,1,56,1.0
2787,892,56,1,1,56,1.0
2791,893,3075,4,1,1504,0.489105691057
2798,894,3217,7,1,1504,0.467516319552
2801,895,1616,3,1,1504,0.930693069307
2803,896,100,2,1,50,0.5
2805,897,1546,2,1,1496,0.96765847348
2806,898,1496,1,1,1496,1.0
2812,899,352,6,1,76,0.215909090909
2813,900,46,1,1,46,1.0
2814,901,46,1,1,46,1.0
2815,902,46,1,1,46,1.0
2816,903,56,1,1,56,1.0
2818,904,96,2,1,50,0.520833333333
2819,905,148,1,1,148,1.0
2821,906,96,2,1,50,0.520833333333
2822,907,429,1,1,429,1.0
2827,908,477,5,1,218,0.457023060797
2828,909,46,1,1,46,1.0
2829,910,84,1,1,84,1.0
2832,911,632,3,1,530,0.838607594937
2835,912,1768,3,1,1504,0.850678733032
2839,913,4568,4,1,1504,0.329246935201
2840,914,1504,1,1,1504,1.0
2841,915,1504,1,1,1504,1.0
2842,916,68,1,1,68,1.0
2844,917,1557,2,1,1504,0.965960179833
2845,918,204,1,1,204,1.0
2846,919,1504,1,1,1504,1.0
2847,920,56,1,1,56,1.0
2849,921,108,2,1,56,0.518518518519
2852,922,1616,3,1,1504,0.930693069307
2857,923,1242,5,1,1048,0.843800322061
2858,924,82,1,1,82,1.0
2859,925,56,1,1,56,1.0
2860,926,56,1,1,56,1.0
2861,927,50,1,1,50,1.0
2865,928,3108,4,1,1504,0.483912483912
2866,929,56,1,1,56,1.0
2867,930,84,1,1,84,1.0
2868,931,52,1,1,52,1.0
2869,932,56,1,1,56,1.0
2870,933,64,1,1,64,1.0
2871,934,56,1,1,56,1.0
2872,935,1504,1,1,1504,1.0
2880,936,6231,8,2,1717,0.275557695394
2882,937,1550,2,1,1504,0.970322580645
2883,938,1504,1,1,1504,1.0
2884,939,56,1,1,56,1.0
2885,940,56,1,1,56,1.0
2888,941,1616,3,1,1504,0.930693069307
2891,942,1616,3,1,1504,0.930693069307
2892,943,1504,1,1,1504,1.0
2895,944,162,3,1,56,0.345679012346
2896,945,56,1,1,56,1.0
2897,946,1504,1,1,1504,1.0
2899,947,102,2,1,56,0.549019607843
2904,948,3283,5,1,1504,0.458117575388
2905,949,56,1,1,56,1.0
2906,950,56,1,1,56,1.0
2909,951,4504,3,1,1504,0.333925399645
2916,952,4295,7,1,1504,0.350174621653
2917,953,331,1,1,331,1.0
2920,954,1754,3,1,1504,0.857468643101
2921,955,1504,1,1,1504,1.0
2922,956,50,1,1,50,1.0
2925,957,2726,3,2,2670,0.979457079971
2926,958,1504,1,1,1504,1.0
2927,959,1244,1,1,1244,1.0
2928,960,66,1,1,66,1.0
2929,961,1504,1,1,1504,1.0
2931,962,106,2,1,56,0.528301886792
2935,963,1955,4,1,1504,0.769309462916
2937,964,96,2,1,50,0.520833333333
2938,965,56,1,1,56,1.0
2939,966,1504,1,1,1504,1.0
2942,967,1612,3,1,1504,0.93300248139
2943,968,65,1,1,65,1.0
2944,969,1504,1,1,1504,1.0
2950,970,832,6,1,530,0.637019230769
2951,971,819,1,1,819,1.0
2953,972,1556,2,1,1504,0.966580976864
2955,973,1552,2,1,1496,0.963917525773
2956,974,1496,1,1,1496,1.0
2957,975,1504,1,1,1504,1.0
2961,976,1119,4,1,971,0.867739052726
2966,977,1756,5,1,1504,0.856492027335
2973,978,8250,7,2,2848,0.345212121212
2974,979,1424,1,1,1424,1.0
2999,980,18327,25,7,9968,0.543896982594
3001,981,1554,2,1,1504,0.967824967825
3006,982,4647,5,1,1504,0.323649666451
3021,983,12901,15,2,2665,0.206573133866
3031,984,8994,10,3,4212,0.468312208139
3035,985,1979,4,1,1474,0.744820616473
3036,986,1504,1,1,1504,1.0
3040,987,349,4,1,201,0.575931232092
3053,988,11883,13,2,2976,0.250441807624
3056,989,1794,3,1,1504,0.838350055741
3057,990,1504,1,1,1504,1.0
3058,991,1504,1,1,1504,1.0
3062,992,3600,4,2,2488,0.691111111111
3064,993,92,2,1,46,0.5
3065,994,1504,1,1,1504,1.0
3066,995,56,1,1,56,1.0
3067,996,1244,1,1,1244,1.0
3074,997,5315,7,2,2488,0.468109125118
3080,998,3425,6,1,1504,0.439124087591
3081,999,1474,1,1,1474,1.0
3083,1000,112,2,2,112,1.0
3084,1001,1474,1,1,1474,1.0
3086,1002,102,2,1,56,0.549019607843
3087,1003,56,1,1,56,1.0
3088,1004,1474,1,1,1474,1.0
3090,1005,112,2,1,56,0.5
3091,1006,1404,1,1,1404,1.0
3095,1007,3151,4,1,1486,0.471596318629
3101,1008,4439,6,1,1504,0.338815048434
3102,1009,1474,1,1,1474,1.0
3115,1010,11728,13,2,3008,0.256480218281
3120,1011,1970,5,1,1474,0.748223350254
3121,1012,316,1,1,316,1.0
3122,1013,1504,1,1,1504,1.0
3123,1014,50,1,1,50,1.0
3124,1015,56,1,1,56,1.0
3125,1016,1474,1,1,1474,1.0
3126,1017,1504,1,1,1504,1.0
3128,1018,1166,2,1,1120,0.960548885077
3129,1019,63,1,1,63,1.0
3130,1020,1504,1,1,1504,1.0
3131,1021,56,1,1,56,1.0
3135,1022,2051,4,1,1504,0.733300828864
3136,1023,1485,1,1,1485,1.0
3137,1024,56,1,1,56,1.0
3142,1025,3174,5,1,1504,0.473850031506
3144,1026,2095,2,1,1121,0.53508353222
3145,1027,1504,1,1,1504,1.0
3148,1028,2960,3,1,1504,0.508108108108
3149,1029,392,1,1,392,1.0
3150,1030,1097,1,1,1097,1.0
3152,1031,106,2,1,56,0.528301886792
3153,1032,850,1,1,850,1.0
3155,1033,1560,2,1,1504,0.964102564103
3156,1034,56,1,1,56,1.0
3160,1035,2227,4,1,987,0.443197126179
3161,1036,46,1,1,46,1.0
3162,1037,1504,1,1,1504,1.0
3164,1038,1014,2,1,958,0.944773175542
3174,1039,10088,10,2,2888,0.28628072958
3175,1040,56,1,1,56,1.0
3176,1041,1504,1,1,1504,1.0
3187,1042,7694,11,3,4332,0.563036132051
3192,1043,5136,5,2,2888,0.56230529595
3193,1044,1444,1,1,1444,1.0
3194,1045,1444,1,1,1444,1.0
3195,1046,1504,1,1,1504,1.0
3207,1047,3410,12,2,2888,0.846920821114
3208,1048,64,1,1,64,1.0
3209,1049,1444,1,1,1444,1.0
3214,1050,4531,5,2,2888,0.637386890311
3217,1051,1694,3,1,1444,0.852420306966
3221,1052,3056,4,1,1500,0.490837696335
3233,1053,12076,12,4,6016,0.498178204704
3272,1054,40160,39,12,17328,0.431474103586
3273,1055,1444,1,1,1444,1.0
3295,1056,21029,22,6,8664,0.412002472776
3315,1057,14017,20,7,10108,0.721124349005
3340,1058,21000,25,7,10108,0.481333333333
3344,1059,5559,4,1,1504,0.2705522576
3373,1060,26242,29,9,12996,0.495236643549
3374,1061,1444,1,1,1444,1.0
3394,1062,14939,20,4,5776,0.386638998594
3487,1063,99635,93,27,38468,0.386089225674
3489,1064,106,2,1,56,0.528301886792
3490,1065,109,1,1,109,1.0
3491,1066,1344,1,1,1344,1.0
3495,1067,1612,4,1,1444,0.895781637717
3496,1068,1504,1,1,1504,1.0
3497,1069,960,1,1,960,1.0
3498,1070,1344,1,1,1344,1.0
3500,1071,112,2,1,56,0.5
3501,1072,1504,1,1,1504,1.0
3502,1073,1504,1,1,1504,1.0
3508,1074,3354,6,2,2032,0.605843768634
3509,1075,1069,1,1,1069,1.0
3510,1076,1504,1,1,1504,1.0
3514,1077,3346,4,2,2160,0.645546921698
3516,1078,137,2,1,85,0.620437956204
3517,1079,1446,1,1,1446,1.0
3518,1080,56,1,1,56,1.0
3519,1081,50,1,1,50,1.0
3525,1082,3428,6,2,2160,0.630105017503
3526,1083,56,1,1,56,1.0
3527,1084,56,1,1,56,1.0
3532,1085,288,5,1,64,0.222222222222
3533,1086,1504,1,1,1504,1.0
3535,1087,120,2,1,64,0.533333333333
3538,1088,158,3,1,56,0.354430379747
3539,1089,46,1,1,46,1.0
3540,1090,1504,1,1,1504,1.0
3542,1091,106,2,1,56,0.528301886792
3543,1092,52,1,1,52,1.0
3544,1093,314,1,1,314,1.0
3546,1094,2948,2,1,1504,0.510176390773
3547,1095,56,1,1,56,1.0
3549,1096,1567,2,1,1504,0.95979578813
3552,1097,1616,3,1,1504,0.930693069307
3553,1098,50,1,1,50,1.0
3556,1099,148,3,2,92,0.621621621622
3557,1100,56,1,1,56,1.0
3558,1101,50,1,1,50,1.0
3562,1102,1227,4,1,1069,0.871230643847
3563,1103,56,1,1,56,1.0
3564,1104,50,1,1,50,1.0
3570,1105,1485,6,2,1127,0.758922558923
3574,1106,338,4,1,150,0.443786982249
3576,1107,938,2,1,882,0.940298507463
3577,1108,46,1,1,46,1.0
3578,1109,52,1,1,52,1.0
3579,1110,56,1,1,56,1.0
3585,1111,1695,6,1,1184,0.698525073746
3586,1112,50,1,1,50,1.0
3587,1113,1444,1,1,1444,1.0
3589,1114,2149,2,1,1496,0.696137738483
3591,1115,114,2,1,64,0.561403508772
3593,1116,112,2,1,56,0.5
3596,1117,168,3,1,56,0.333333333333
3597,1118,1504,1,1,1504,1.0
3598,1119,263,1,1,263,1.0
3599,1120,1504,1,1,1504,1.0
3601,1121,155,2,1,109,0.703225806452
3602,1122,64,1,1,64,1.0
3603,1123,1504,1,1,1504,1.0
3605,1124,109,2,1,63,0.577981651376
3607,1125,1560,2,1,1504,0.964102564103
3609,1126,1158,2,1,1112,0.960276338515
3610,1127,56,1,1,56,1.0
3614,1128,887,4,1,682,0.768883878241
3615,1129,464,1,1,464,1.0
3617,1130,272,2,1,216,0.794117647059
3618,1131,82,1,1,82,1.0
3627,1132,6302,9,2,3008,0.47730879086
3634,1133,6180,7,2,3008,0.486731391586
3638,1134,1626,4,1,1444,0.888068880689
3639,1135,1504,1,1,1504,1.0
3640,1136,1504,1,1,1504,1.0
3641,1137,1504,1,1,1504,1.0
3646,1138,1908,5,2,1740,0.911949685535
3647,1139,1504,1,1,1504,1.0
3648,1140,46,1,1,46,1.0
3655,1141,4706,7,2,1572,0.334041648959
3660,1142,1894,5,1,1504,0.794086589229
3665,1143,3818,5,2,2058,0.539025667889
3666,1144,1504,1,1,1504,1.0
3669,1145,452,3,1,356,0.787610619469
3670,1146,60,1,1,60,1.0
3671,1147,1504,1,1,1504,1.0
3672,1148,56,1,1,56,1.0
3673,1149,1504,1,1,1504,1.0
3677,1150,1684,4,1,1504,0.893111638955
3678,1151,987,1,1,987,1.0
3683,1152,1622,5,1,1424,0.877928483354
3684,1153,1504,1,1,1504,1.0
3691,1154,1772,7,1,1424,0.803611738149
3692,1155,56,1,1,56,1.0
3700,1156,4668,8,2,2848,0.610111396744
3701,1157,46,1,1,46,1.0
3702,1158,84,1,1,84,1.0
3706,1159,1682,4,1,1504,0.894173602854
3707,1160,46,1,1,46,1.0
3709,1161,108,2,1,56,0.518518518519
3710,1162,1504,1,1,1504,1.0
3734,1163,20440,24,4,6016,0.294324853229
3735,1164,1244,1,1,1244,1.0
3739,1165,4408,4,2,2848,0.64609800363
3740,1166,56,1,1,56,1.0
3741,1167,1504,1,1,1504,1.0
3746,1168,3766,5,2,2160,0.573552841211
3749,1169,2984,3,1,1504,0.504021447721
3751,1170,643,2,1,556,0.864696734059
3752,1171,1504,1,1,1504,1.0
3757,1172,3138,5,1,1504,0.479286169535
3770,1173,12675,13,4,6016,0.474635108481
3773,1174,3004,3,1,1504,0.500665778961
3780,1175,4696,7,1,1504,0.320272572402
3782,1176,1540,2,1,1484,0.963636363636
3788,1177,5875,6,1,1504,0.256
3799,1178,8814,11,2,2552,0.289539369185
3809,1179,7970,10,3,4512,0.566122961104
3813,1180,4488,4,1,1504,0.335115864528
3814,1181,822,1,1,822,1.0
3818,1182,4112,4,2,2180,0.530155642023
3823,1183,4918,5,1,1504,0.305815372102
3825,1184,112,2,1,56,0.5
3835,1185,6075,10,2,2330,0.38353909465
3836,1186,1069,1,1,1069,1.0
3854,1187,17365,18,3,4512,0.259832997409
3855,1188,56,1,1,56,1.0
3856,1189,1344,1,1,1344,1.0
3861,1190,3122,5,1,1504,0.481742472774
3866,1191,3008,5,1,1504,0.5
3867,1192,50,1,1,50,1.0
3868,1193,226,1,1,226,1.0
3876,1194,4607,8,1,1504,0.326459735186
3880,1195,1672,4,2,1560,0.933014354067
3883,1196,2840,3,1,1444,0.508450704225
3885,1197,3008,2,1,1504,0.5
3887,1198,1400,2,1,1344,0.96
3893,1199,5752,6,1,1504,0.261474269819
3894,1200,1444,1,1,1444,1.0
3895,1201,1444,1,1,1444,1.0
3903,1202,6669,8,1,1504,0.225521067626
3905,1203,1554,2,1,1504,0.967824967825
3906,1204,1048,1,1,1048,1.0
3909,1205,257,3,1,133,0.517509727626
3912,1206,1569,3,1,1424,0.907584448693
3913,1207,56,1,1,56,1.0
3915,1208,1550,2,1,1504,0.970322580645
3917,1209,1474,2,1,1424,0.966078697422
3918,1210,1504,1,1,1504,1.0
3922,1211,2465,4,1,1424,0.577687626775
3929,1212,3455,7,1,1504,0.435311143271
3931,1213,2623,2,1,1420,0.541364849409
3937,1214,3216,6,1,1504,0.467661691542
3938,1215,50,1,1,50,1.0
3943,1216,2242,5,1,1504,0.670829616414
3944,1217,1504,1,1,1504,1.0
3945,1218,56,1,1,56,1.0
3948,1219,1873,3,1,1245,0.664709022958
3949,1220,56,1,1,56,1.0
3950,1221,1504,1,1,1504,1.0
3951,1222,46,1,1,46,1.0
3952,1223,1504,1,1,1504,1.0
3953,1224,1442,1,1,1442,1.0
3956,1225,1180,3,1,665,0.563559322034
3958,1226,215,2,1,141,0.655813953488
3963,1227,2428,5,1,1504,0.619439868204
3965,1228,1936,2,1,1504,0.776859504132
3966,1229,1504,1,1,1504,1.0
3971,1230,1957,5,1,1504,0.768523249872
3982,1231,4346,11,1,1504,0.346065347446
3984,1232,1031,2,1,929,0.901066925315
3985,1233,1008,1,1,1008,1.0
3988,1234,1612,3,1,1504,0.93300248139
3989,1235,1504,1,1,1504,1.0
3990,1236,987,1,1,987,1.0
3991,1237,64,1,1,64,1.0
3992,1238,1504,1,1,1504,1.0
3993,1239,46,1,1,46,1.0
3994,1240,1504,1,1,1504,1.0
3996,1241,260,2,1,204,0.784615384615
3997,1242,114,1,1,114,1.0
3998,1243,1112,1,1,1112,1.0
3999,1244,1504,1,1,1504,1.0
4003,1245,250,4,1,76,0.304
4005,1246,108,2,1,56,0.518518518519
4006,1247,1344,1,1,1344,1.0
4007,1248,656,1,1,656,1.0
4013,1249,7576,6,2,3008,0.397043294615
4019,1250,7042,6,1,1504,0.213575688725
4021,1251,2180,2,1,1504,0.689908256881
4029,1252,9416,8,3,4512,0.479184367035
4032,1253,2097,3,1,1504,0.717215069146
4035,1254,3307,3,1,1504,0.454792863623
4036,1255,1504,1,1,1504,1.0
4040,1256,2993,4,1,1504,0.502505846976
4053,1257,12338,13,2,3008,0.243799643378
4058,1258,1604,5,1,1344,0.837905236908
4059,1259,950,1,1,950,1.0
4070,1260,5970,11,1,1504,0.251926298157
4072,1261,1558,2,1,1504,0.965340179718
4073,1262,1504,1,1,1504,1.0
4075,1263,112,2,1,56,0.5
4079,1264,4178,4,1,1504,0.359980852082
4081,1265,1560,2,1,1504,0.964102564103
4082,1266,1504,1,1,1504,1.0
4084,1267,92,2,1,46,0.5
4085,1268,1504,1,1,1504,1.0
4089,1269,1543,4,1,1397,0.905379131562
4091,1270,1637,2,1,1504,0.91875381796
4092,1271,46,1,1,46,1.0
4094,1272,102,2,1,56,0.549019607843
4095,1273,1504,1,1,1504,1.0
4096,1274,56,1,1,56,1.0
4097,1275,56,1,1,56,1.0
4103,1276,2974,6,1,1504,0.505716207128
4104,1277,1504,1,1,1504,1.0
4110,1278,2024,6,1,1504,0.743083003953
4111,1279,1504,1,1,1504,1.0
4112,1280,1504,1,1,1504,1.0
4113,1281,1117,1,1,1117,1.0
4115,1282,92,2,2,92,1.0
4118,1283,3064,3,1,1504,0.490861618799
4120,1284,1554,2,1,1504,0.967824967825
4122,1285,1554,2,1,1504,0.967824967825
4124,1286,166,2,1,92,0.55421686747
4126,1287,1317,2,1,1261,0.95747911921
4128,1288,1550,2,1,1504,0.970322580645
4131,1289,223,3,1,109,0.488789237668
4132,1290,1504,1,1,1504,1.0
4135,1291,2588,3,1,1504,0.58114374034
4147,1292,8562,12,3,3628,0.423732772717
4150,1293,2898,3,1,1504,0.518978605935
4152,1294,1550,2,1,1504,0.970322580645
4159,1295,3114,7,1,1504,0.482980089917
4160,1296,1504,1,1,1504,1.0
4161,1297,1344,1,1,1344,1.0
4162,1298,1504,1,1,1504,1.0
4167,1299,1712,5,1,1504,0.878504672897
4168,1300,56,1,1,56,1.0
4169,1301,1504,1,1,1504,1.0
4174,1302,4488,5,1,1504,0.335115864528
4179,1303,3166,5,1,1504,0.475047378395
4183,1304,2984,4,1,1504,0.504021447721
4185,1305,1572,2,1,1504,0.956743002545
4192,1306,6010,7,1,1504,0.250249584027
4195,1307,1858,3,1,1504,0.80947255113
4202,1308,6018,7,1,1504,0.249916915919
4203,1309,1504,1,1,1504,1.0
4208,1310,4556,5,1,1504,0.330114135206
4216,1311,7535,8,2,2357,0.312806901128
4219,1312,4350,3,1,1504,0.345747126437
4226,1313,8896,7,3,4488,0.504496402878
4259,1314,39286,33,13,19448,0.495036399735
4274,1315,14868,15,4,5984,0.40247511434
4289,1316,14797,15,2,3008,0.203284449551
4293,1317,3104,4,1,1504,0.484536082474
4297,1318,1536,4,1,1344,0.875
4298,1319,56,1,1,56,1.0
4299,1320,1504,1,1,1504,1.0
4302,1321,1618,3,1,1504,0.929542645241
4306,1322,1662,4,1,1504,0.904933814681
4307,1323,1504,1,1,1504,1.0
4309,1324,102,2,1,56,0.549019607843
4310,1325,68,1,1,68,1.0
4312,1326,1560,2,1,1504,0.964102564103
4314,1327,1560,2,1,1504,0.964102564103
4315,1328,56,1,1,56,1.0
4316,1329,1504,1,1,1504,1.0
4317,1330,1504,1,1,1504,1.0
4318,1331,1504,1,1,1504,1.0
4322,1332,259,4,1,113,0.436293436293
4324,1333,118,2,1,68,0.576271186441
4325,1334,1504,1,1,1504,1.0
4328,1335,1640,3,1,1504,0.917073170732
4330,1336,949,2,1,893,0.940990516333
4333,1337,3060,3,1,1504,0.491503267974
4334,1338,52,1,1,52,1.0
4336,1339,3008,2,1,1504,0.5
4339,1340,3064,3,1,1504,0.490861618799
4342,1341,1600,3,1,1504,0.94
4343,1342,1504,1,1,1504,1.0
4344,1343,56,1,1,56,1.0
4351,1344,5086,7,1,1504,0.295713723948
4352,1345,1504,1,1,1504,1.0
4353,1346,1504,1,1,1504,1.0
4359,1347,6294,6,3,4512,0.716873212583
4377,1348,16422,18,2,3008,0.183168919742
4385,1349,6242,8,2,3008,0.48189682794
4395,1350,7573,10,2,2717,0.358774593952
4398,1351,1191,3,1,1089,0.91435768262
4403,1352,4769,5,1,1504,0.315370098553
4404,1353,1504,1,1,1504,1.0
4406,1354,1588,2,1,1504,0.947103274559
4412,1355,2206,6,1,1504,0.681776971895
4417,1356,4612,5,1,1504,0.326105810928
4418,1357,56,1,1,56,1.0
4440,1358,17150,22,3,4512,0.263090379009
4446,1359,4980,6,1,1504,0.302008032129
4447,1360,1504,1,1,1504,1.0
4452,1361,2997,5,1,1504,0.501835168502
4453,1362,46,1,1,46,1.0
4456,1363,2779,3,1,1444,0.519611370997
4463,1364,6014,7,2,2848,0.473561689391
4469,1365,6032,6,3,4272,0.708222811671
4470,1366,1424,1,1,1424,1.0
4480,1367,6523,10,2,2848,0.436608922275
4481,1368,1504,1,1,1504,1.0
4482,1369,1504,1,1,1504,1.0
4483,1370,56,1,1,56,1.0
4500,1371,14355,17,3,4458,0.310553814002
4517,1372,13729,17,2,3008,0.219098259159
4518,1373,1504,1,1,1504,1.0
4533,1374,8140,15,1,1504,0.184766584767
4543,1375,8207,10,1,1504,0.183258194224
4547,1376,4568,4,1,1504,0.329246935201
4551,1377,3276,4,1,1504,0.459096459096
4559,1378,6487,8,1,1504,0.231848312009
4561,1379,112,2,1,56,0.5
4562,1380,1504,1,1,1504,1.0
4565,1381,4512,3,1,1504,0.333333333333
4566,1382,1504,1,1,1504,1.0
4573,1383,6174,7,1,1504,0.243602202786
4584,1384,7976,11,1,1504,0.188565697091
4593,1385,7511,9,1,1504,0.200239648516
4596,1386,3058,3,1,1504,0.491824722041
4597,1387,1504,1,1,1504,1.0
4600,1388,3597,3,1,1504,0.418126216291
4612,1389,15549,12,2,3008,0.193452955174
4613,1390,1504,1,1,1504,1.0
4615,1391,3008,2,1,1504,0.5
4627,1392,6972,12,1,1504,0.215720022949
4628,1393,1444,1,1,1444,1.0
4629,1394,1504,1,1,1504,1.0
4639,1395,9243,10,1,1504,0.162717732338
4640,1396,1504,1,1,1504,1.0
4645,1397,4608,5,1,1504,0.326388888889
4651,1398,6548,6,1,1504,0.22968845449
4655,1399,4847,4,1,1504,0.310295027852
4656,1400,1444,1,1,1444,1.0
4669,1401,12384,13,2,3008,0.242894056848
4684,1402,9535,15,2,3008,0.315469323545
4685,1403,1504,1,1,1504,1.0
4686,1404,1504,1,1,1504,1.0
4689,1405,162,3,1,56,0.345679012346
4692,1406,3058,3,1,1504,0.491824722041
4698,1407,1900,6,1,1504,0.791578947368
4699,1408,50,1,1,50,1.0
4701,1409,136,2,1,80,0.588235294118
4702,1410,1504,1,1,1504,1.0
4704,1411,251,2,1,205,0.816733067729
4706,1412,1500,2,1,1444,0.962666666667
4709,1413,1644,3,1,1504,0.914841849148
4710,1414,1504,1,1,1504,1.0
4711,1415,1404,1,1,1404,1.0
4712,1416,1504,1,1,1504,1.0
4713,1417,52,1,1,52,1.0
4714,1418,1504,1,1,1504,1.0
4718,1419,6016,4,3,4512,0.75
4726,1420,1950,8,1,1504,0.771282051282
4735,1421,2041,9,1,1504,0.736893679569
4736,1422,64,1,1,64,1.0
4737,1423,1504,1,1,1504,1.0
4738,1424,46,1,1,46,1.0
4739,1425,75,1,1,75,1.0
4740,1426,56,1,1,56,1.0
4743,1427,1705,3,1,1504,0.88211143695
4744,1428,56,1,1,56,1.0
4746,1429,1390,2,1,1344,0.96690647482
4747,1430,1504,1,1,1504,1.0
4749,1431,102,2,1,56,0.549019607843
4750,1432,1484,1,1,1484,1.0
4751,1433,1344,1,1,1344,1.0
4760,1434,5727,9,1,1504,0.262615680112
4766,1435,3166,6,1,1504,0.475047378395
4767,1436,1344,1,1,1344,1.0
4768,1437,556,1,1,556,1.0
4770,1438,1560,2,1,1504,0.964102564103
4771,1439,1504,1,1,1504,1.0
4772,1440,1504,1,1,1504,1.0
4773,1441,56,1,1,56,1.0
4782,1442,4672,9,1,1504,0.321917808219
4786,1443,1670,4,1,1504,0.900598802395
4789,1444,1544,3,1,1404,0.90932642487
4793,1445,2115,4,1,1404,0.663829787234
4794,1446,1504,1,1,1504,1.0
4795,1447,74,1,1,74,1.0
4796,1448,68,1,1,68,1.0
4797,1449,1404,1,1,1404,1.0
4798,1450,1504,1,1,1504,1.0
4810,1451,8213,12,2,3000,0.365274564714
4811,1452,1504,1,1,1504,1.0
4814,1453,1903,3,1,1404,0.737782448765
4815,1454,56,1,1,56,1.0
4820,1455,4770,5,2,3008,0.630607966457
4821,1456,56,1,1,56,1.0
4829,1457,6282,8,2,3008,0.478828398599
4837,1458,6002,8,1,1504,0.250583138954
4843,1459,4670,6,1,1504,0.322055674518
4845,1460,1572,2,1,1504,0.956743002545
4850,1461,4097,5,1,1504,0.367097876495
4852,1462,1628,2,1,1504,0.923832923833
4855,1463,3100,3,1,1504,0.485161290323
4859,1464,1706,4,1,1504,0.881594372802
4860,1465,1504,1,1,1504,1.0
4862,1466,112,2,1,56,0.5
4864,1467,112,2,1,56,0.5
4865,1468,1504,1,1,1504,1.0
4867,1469,114,2,1,64,0.561403508772
4868,1470,46,1,1,46,1.0
4869,1471,56,1,1,56,1.0
4870,1472,1504,1,1,1504,1.0
4871,1473,1455,1,1,1455,1.0
4877,1474,1897,6,2,1618,0.852925672114
4878,1475,1504,1,1,1504,1.0
4883,1476,6085,5,3,4512,0.74149548069
4892,1477,7765,9,4,6016,0.774758531874
4894,1478,112,2,1,56,0.5
4895,1479,1504,1,1,1504,1.0
4896,1480,56,1,1,56,1.0
4898,1481,442,2,1,376,0.850678733032
4901,1482,156,3,1,56,0.358974358974
4902,1483,1504,1,1,1504,1.0
4910,1484,7720,8,3,4512,0.584455958549
4912,1485,1560,2,1,1504,0.964102564103
4913,1486,1504,1,1,1504,1.0
4914,1487,56,1,1,56,1.0
4915,1488,1504,1,1,1504,1.0
4918,1489,184,3,1,68,0.369565217391
4919,1490,46,1,1,46,1.0
4925,1491,3155,6,1,1504,0.476703645008
4926,1492,183,1,1,183,1.0
4931,1493,3082,5,1,1504,0.487994808566
4932,1494,1504,1,1,1504,1.0
4935,1495,168,3,1,56,0.333333333333
4936,1496,1454,1,1,1454,1.0
4938,1497,124,2,1,68,0.548387096774
4939,1498,1504,1,1,1504,1.0
4944,1499,3096,5,1,1504,0.485788113695
4949,1500,3160,5,1,1504,0.475949367089
4950,1501,1504,1,1,1504,1.0
4961,1502,5226,11,1,1504,0.28779181018
4963,1503,1560,2,1,1504,0.964102564103
4965,1504,3008,2,1,1504,0.5
4966,1505,1484,1,1,1484,1.0
4974,1506,8080,8,3,3433,0.424876237624
4983,1507,6252,9,1,1504,0.240563019834
4986,1508,2438,3,1,1344,0.551271534044
4987,1509,1504,1,1,1504,1.0
4991,1510,2998,4,1,1488,0.496330887258
4992,1511,56,1,1,56,1.0
4995,1512,1616,3,1,1504,0.930693069307
4999,1513,3722,4,2,2254,0.605588393337
5000,1514,1504,1,1,1504,1.0
5005,1515,3258,5,1,1344,0.412523020258
5010,1516,2850,5,1,1344,0.471578947368
5011,1517,835,1,1,835,1.0
5015,1518,212,4,1,64,0.301886792453
5019,1519,568,4,1,410,0.721830985915
5021,1520,1560,2,1,1504,0.964102564103
5028,1521,5908,7,3,4200,0.710900473934
5029,1522,1504,1,1,1504,1.0
5032,1523,3032,3,1,1504,0.496042216359
5033,1524,1504,1,1,1504,1.0
5034,1525,1504,1,1,1504,1.0
5036,1526,1560,2,1,1504,0.964102564103
5038,1527,1550,2,1,1504,0.970322580645
5039,1528,56,1,1,56,1.0
5044,1529,3211,5,1,1504,0.468389909685
5045,1530,1404,1,1,1404,1.0
5047,1531,96,2,1,50,0.520833333333
5053,1532,4906,6,2,3008,0.61312678353
5054,1533,46,1,1,46,1.0
5055,1534,1504,1,1,1504,1.0
5057,1535,1587,2,1,1504,0.947700063012
5061,1536,1656,4,1,1504,0.908212560386
5062,1537,316,1,1,316,1.0
5067,1538,4514,5,1,1504,0.333185644661
5068,1539,1244,1,1,1244,1.0
5069,1540,1504,1,1,1504,1.0
5072,1541,1606,3,1,1504,0.936488169365
5076,1542,4502,4,1,1504,0.334073745002
5077,1543,56,1,1,56,1.0
5079,1544,2348,2,1,1434,0.61073253833
5082,1545,3052,3,1,1504,0.492791612058
5084,1546,1490,2,1,1444,0.969127516779
5085,1547,314,1,1,314,1.0
5086,1548,1504,1,1,1504,1.0
5088,1549,92,2,1,46,0.5
5089,1550,80,1,1,80,1.0
5092,1551,1822,3,1,1504,0.825466520307
5093,1552,84,1,1,84,1.0
5098,1553,3212,5,1,1504,0.468244084682
5099,1554,92,1,1,92,1.0
5101,1555,1588,2,1,1504,0.947103274559
5102,1556,1504,1,1,1504,1.0
5105,1557,1626,3,1,1504,0.924969249692
5107,1558,1191,2,1,1135,0.952980688497
5108,1559,64,1,1,64,1.0
5109,1560,1504,1,1,1504,1.0
5120,1561,9308,11,4,6016,0.646325741298
5130,1562,3882,10,2,1963,0.505667181865
5131,1563,1504,1,1,1504,1.0
5135,1564,3393,4,1,1504,0.443265546714
5136,1565,1504,1,1,1504,1.0
5137,1566,388,1,1,388,1.0
5138,1567,97,1,1,97,1.0
5140,1568,120,2,1,64,0.533333333333
5141,1569,1504,1,1,1504,1.0
5143,1570,92,2,1,46,0.5
5144,1571,204,1,1,204,1.0
5145,1572,56,1,1,56,1.0
5146,1573,1504,1,1,1504,1.0
5147,1574,46,1,1,46,1.0
5148,1575,1504,1,1,1504,1.0
5149,1576,56,1,1,56,1.0
5150,1577,1370,1,1,1370,1.0
5151,1578,1466,1,1,1466,1.0
5153,1579,1550,2,1,1504,0.970322580645
5154,1580,46,1,1,46,1.0
5156,1581,1560,2,1,1504,0.964102564103
5157,1582,1504,1,1,1504,1.0
5163,1583,5106,6,2,3008,0.58911084998
5166,1584,2314,3,1,1504,0.649956784788
5167,1585,56,1,1,56,1.0
5168,1586,1504,1,1,1504,1.0
5170,1587,1542,2,1,1486,0.963683527886
5171,1588,506,1,1,506,1.0
5172,1589,1486,1,1,1486,1.0
5175,1590,204,3,1,93,0.455882352941
5176,1591,1504,1,1,1504,1.0
5177,1592,1486,1,1,1486,1.0
5178,1593,191,1,1,191,1.0
5179,1594,1486,1,1,1486,1.0
5182,1595,1620,3,1,1504,0.928395061728
5185,1596,1981,3,1,1504,0.75921251893
5188,1597,3212,3,1,1504,0.468244084682
5190,1598,1373,2,1,1317,0.959213401311
5191,1599,1504,1,1,1504,1.0
5192,1600,1504,1,1,1504,1.0
5195,1601,716,3,1,465,0.649441340782
5200,1602,254,5,1,56,0.220472440945
5202,1603,525,2,1,479,0.912380952381
5203,1604,1504,1,1,1504,1.0
5204,1605,52,1,1,52,1.0
5206,1606,260,2,1,204,0.784615384615
5209,1607,2157,3,1,1500,0.695410292072
5210,1608,1504,1,1,1504,1.0
5212,1609,1550,2,1,1504,0.970322580645
5213,1610,46,1,1,46,1.0
5214,1611,52,1,1,52,1.0
5215,1612,56,1,1,56,1.0
5221,1613,2056,6,1,1504,0.731517509728
5222,1614,1496,1,1,1496,1.0
5224,1615,1708,2,1,1504,0.88056206089
5228,1616,1656,4,1,1504,0.908212560386
5229,1617,1504,1,1,1504,1.0
5234,1618,2248,5,1,1496,0.665480427046
5236,1619,1546,2,1,1496,0.96765847348
5237,1620,1504,1,1,1504,1.0
5238,1621,1504,1,1,1504,1.0
5239,1622,56,1,1,56,1.0
5240,1623,56,1,1,56,1.0
5241,1624,1504,1,1,1504,1.0
5243,1625,503,2,1,451,0.89662027833
5244,1626,1504,1,1,1504,1.0
5247,1627,1610,3,1,1504,0.934161490683
5248,1628,56,1,1,56,1.0
5260,1629,10314,12,2,3000,0.290866783013
5265,1630,3176,5,1,1504,0.47355163728
5274,1631,6368,9,4,4604,0.722989949749
5275,1632,1504,1,1,1504,1.0
5276,1633,50,1,1,50,1.0
5284,1634,5402,8,1,1504,0.278415401703
5285,1635,1504,1,1,1504,1.0
5286,1636,1504,1,1,1504,1.0
5290,1637,1652,4,1,1504,0.910411622276
5291,1638,1504,1,1,1504,1.0
5294,1639,3054,3,1,1504,0.492468893255
5298,1640,2998,4,1,1504,0.501667778519
5300,1641,1554,2,1,1504,0.967824967825
5301,1642,84,1,1,84,1.0
5302,1643,1504,1,1,1504,1.0
5303,1644,1504,1,1,1504,1.0
5305,1645,1474,2,1,1424,0.966078697422
5321,1646,11002,16,3,4512,0.410107253227
5322,1647,1504,1,1,1504,1.0
5325,1648,4492,3,2,3008,0.6696349065
5326,1649,1504,1,1,1504,1.0
5330,1650,4554,4,1,1504,0.330259112868
5331,1651,68,1,1,68,1.0
5336,1652,5986,5,1,1504,0.251252923488
5344,1653,6264,8,1,1504,0.240102171137
5346,1654,1446,2,1,1400,0.968188105118
5349,1655,1540,3,1,1400,0.909090909091
5350,1656,1504,1,1,1504,1.0
5351,1657,1504,1,1,1504,1.0
5352,1658,56,1,1,56,1.0
5353,1659,1486,1,1,1486,1.0
5359,1660,4682,6,1,1504,0.321230243486
5363,1661,3118,4,2,3008,0.964720974984
5364,1662,1504,1,1,1504,1.0
5367,1663,3046,3,1,1504,0.493762311228
5373,1664,6069,6,1,1504,0.247816773768
5376,1665,2737,3,1,1504,0.549506759225
5379,1666,162,3,1,56,0.345679012346
5380,1667,52,1,1,52,1.0
5381,1668,46,1,1,46,1.0
5383,1669,1554,2,1,1504,0.967824967825
5384,1670,1504,1,1,1504,1.0
5385,1671,46,1,1,46,1.0
5390,1672,3859,5,1,1504,0.389738274164
5391,1673,1504,1,1,1504,1.0
5392,1674,89,1,1,89,1.0
5407,1675,16124,15,2,3008,0.186554204912
5411,1676,4645,4,1,1504,0.323789020452
5415,1677,5499,4,1,1504,0.273504273504
5417,1678,2896,2,1,1504,0.519337016575
5462,1679,39967,45,4,6016,0.150524182451
5472,1680,9235,10,2,2992,0.323984840282
5475,1681,4512,3,1,1504,0.333333333333
5478,1682,3076,3,2,3008,0.97789336801
5487,1683,6184,9,1,1504,0.243208279431
5488,1684,977,1,1,977,1.0
5490,1685,1583,2,1,1504,0.950094756791
5491,1686,1504,1,1,1504,1.0
5492,1687,1504,1,1,1504,1.0
5496,1688,1654,4,1,1504,0.90931076179
5497,1689,1504,1,1,1504,1.0
5498,1690,1504,1,1,1504,1.0
5502,1691,414,4,1,240,0.579710144928
5505,1692,1652,3,1,1504,0.910411622276
5515,1693,4518,10,1,1504,0.332890659584
5516,1694,56,1,1,56,1.0
5525,1695,7684,9,1,1504,0.195731389901
5527,1696,2593,2,1,1504,0.580023139221
5532,1697,4664,5,1,1504,0.322469982847
5533,1698,1504,1,1,1504,1.0
5536,1699,1528,3,1,1404,0.918848167539
5549,1700,8241,13,1,1504,0.182502123529
5554,1701,3332,5,1,1504,0.451380552221
5555,1702,1504,1,1,1504,1.0
5563,1703,6364,8,1,1504,0.236329352608
5573,1704,6367,10,1,1504,0.236217999058
5574,1705,1504,1,1,1504,1.0
5575,1706,1504,1,1,1504,1.0
5577,1707,1560,2,1,1504,0.964102564103
5581,1708,221,4,2,112,0.506787330317
5583,1709,106,2,1,56,0.528301886792
5587,1710,1660,4,1,1504,0.906024096386
5589,1711,2448,2,1,1504,0.614379084967
5590,1712,1486,1,1,1486,1.0
5591,1713,1504,1,1,1504,1.0
5600,1714,7508,9,1,1504,0.20031965903
5601,1715,1504,1,1,1504,1.0
5607,1716,4373,6,1,1504,0.343928653099
5609,1717,969,2,1,913,0.942208462332
5610,1718,1504,1,1,1504,1.0
5618,1719,4776,8,1,1504,0.314907872697
5619,1720,56,1,1,56,1.0
5622,1721,4512,3,1,1504,0.333333333333
5623,1722,1048,1,1,1048,1.0
5627,1723,3168,4,1,1504,0.474747474747
5628,1724,1504,1,1,1504,1.0
5629,1725,1504,1,1,1504,1.0
5631,1726,1550,2,1,1504,0.970322580645
5634,1727,154,3,1,62,0.402597402597
5635,1728,1504,1,1,1504,1.0
5637,1729,1560,2,1,1504,0.964102564103
5640,1730,1504,3,1,1363,0.90625
5641,1731,1504,1,1,1504,1.0
5646,1732,5931,5,1,1504,0.253582869668
5654,1733,8564,8,1,1504,0.175618869687
5660,1734,4783,6,1,1504,0.314446999791
5661,1735,305,1,1,305,1.0
5663,1736,3008,2,1,1504,0.5
5667,1737,4562,4,2,3008,0.659359929855
5668,1738,1504,1,1,1504,1.0
5673,1739,3664,5,1,1504,0.410480349345
5674,1740,56,1,1,56,1.0
5676,1741,106,2,1,56,0.528301886792
5680,1742,4513,4,1,1504,0.333259472635
5681,1743,60,1,1,60,1.0
5683,1744,1550,2,1,1504,0.970322580645
5686,1745,1616,3,1,1504,0.930693069307
5688,1746,144,2,1,94,0.652777777778
5689,1747,1504,1,1,1504,1.0
5690,1748,1504,1,1,1504,1.0
5692,1749,1698,2,1,1504,0.885747938751
5693,1750,1504,1,1,1504,1.0
5698,1751,3223,5,2,1601,0.496742165684
5699,1752,46,1,1,46,1.0
5704,1753,3202,5,1,1504,0.469706433479
5706,1754,96,2,1,50,0.520833333333
5707,1755,1504,1,1,1504,1.0
5709,1756,112,2,2,112,1.0
5716,1757,2381,7,1,1504,0.631667366653
5718,1758,1579,2,1,1504,0.952501583281
5724,1759,2217,6,1,1504,0.678394226432
5725,1760,1504,1,1,1504,1.0
5726,1761,1400,1,1,1400,1.0
5739,1762,8190,13,1,1504,0.183638583639
5742,1763,3058,3,1,1504,0.491824722041
5745,1764,1624,3,1,1504,0.926108374384
5746,1765,1504,1,1,1504,1.0
5749,1766,158,3,1,56,0.354430379747
5753,1767,1191,4,1,909,0.76322418136
5754,1768,1504,1,1,1504,1.0
5755,1769,877,1,1,877,1.0
5758,1770,1339,3,1,1237,0.923823749066
5760,1771,110,2,1,64,0.581818181818
5761,1772,56,1,1,56,1.0
5762,1773,1500,1,1,1500,1.0
5766,1774,1705,4,1,1500,0.879765395894
5767,1775,56,1,1,56,1.0
5770,1776,2735,3,1,1504,0.549908592322
5773,1777,1874,3,1,1504,0.802561366062
5776,1778,2631,3,1,1504,0.571645762068
5777,1779,50,1,1,50,1.0
5778,1780,1363,1,1,1363,1.0
5779,1781,46,1,1,46,1.0
5782,1782,152,3,1,56,0.368421052632
5783,1783,1089,1,1,1089,1.0
5784,1784,204,1,1,204,1.0
5788,1785,1598,4,1,1424,0.891113892365
5789,1786,1424,1,1,1424,1.0
5792,1787,1618,3,1,1504,0.929542645241
5796,1788,3627,4,2,2848,0.785221946512
5798,1789,1521,2,1,1424,0.936226166995
5803,1790,4303,5,2,2848,0.661863815942
5807,1791,2946,4,2,2848,0.966734555329
5809,1792,2924,2,1,1500,0.512995896033
5820,1793,5657,11,2,3000,0.530316422132
5822,1794,124,2,1,68,0.548387096774
5823,1795,1504,1,1,1504,1.0
5825,1796,152,2,2,152,1.0
5830,1797,3178,5,1,1504,0.473253618628
5831,1798,987,1,1,987,1.0
5832,1799,125,1,1,125,1.0
5834,1800,112,2,1,56,0.5
5836,1801,102,2,1,56,0.549019607843
5837,1802,1024,1,1,1024,1.0
5838,1803,46,1,1,46,1.0
5840,1804,134,2,1,82,0.611940298507
5841,1805,68,1,1,68,1.0
5846,1806,4594,5,2,2988,0.650413582934
5847,1807,50,1,1,50,1.0
5855,1808,3392,8,2,2848,0.839622641509
5864,1809,9235,9,4,5696,0.616783974012
5866,1810,2787,2,1,1424,0.510943667025
5873,1811,4546,7,1,1504,0.330840299164
5884,1812,9029,11,1,1504,0.16657437147
5892,1813,6095,8,1,1504,0.246759639048
5893,1814,1504,1,1,1504,1.0
5894,1815,1504,1,1,1504,1.0
5895,1816,1504,1,1,1504,1.0
5896,1817,56,1,1,56,1.0
5902,1818,5683,6,1,1504,0.264648953018
5905,1819,1610,3,1,1504,0.934161490683
5912,1820,6554,7,2,1651,0.251907232225
5915,1821,3064,3,1,1504,0.490861618799
5916,1822,46,1,1,46,1.0
5917,1823,56,1,1,56,1.0
5918,1824,647,1,1,647,1.0
5926,1825,5394,8,1,1504,0.278828327772
5928,1826,1290,2,1,1244,0.964341085271
5929,1827,1504,1,1,1504,1.0
5940,1828,7527,11,2,2335,0.31021655374
5945,1829,3970,5,1,1504,0.378841309824
5946,1830,1454,1,1,1454,1.0
5947,1831,56,1,1,56,1.0
5955,1832,3348,8,1,1504,0.449223416965
5956,1833,1454,1,1,1454,1.0
5959,1834,3064,3,1,1504,0.490861618799
5961,1835,584,2,1,538,0.921232876712
5967,1836,6107,6,1,1504,0.246274766661
5968,1837,57,1,1,57,1.0
5979,1838,10518,11,2,1713,0.162863662293
5982,1839,4073,3,1,1504,0.369260986987
5989,1840,6821,7,1,1504,0.220495528515
5990,1841,46,1,1,46,1.0
5992,1842,211,2,1,161,0.763033175355
5993,1843,1504,1,1,1504,1.0
5996,1844,234,3,1,113,0.482905982906
5997,1845,1504,1,1,1504,1.0
5998,1846,56,1,1,56,1.0
5999,1847,358,1,1,358,1.0
6000,1848,1504,1,1,1504,1.0
6004,1849,1741,4,1,1504,0.863871338311
6005,1850,1444,1,1,1444,1.0
6007,1851,124,2,1,68,0.548387096774
6008,1852,1504,1,1,1504,1.0
6013,1853,3216,5,1,1504,0.467661691542
6014,1854,56,1,1,56,1.0
6016,1855,100,2,2,100,1.0
6017,1856,1504,1,1,1504,1.0
6019,1857,1145,2,1,1089,0.951091703057
6021,1858,102,2,1,56,0.549019607843
6022,1859,64,1,1,64,1.0
6029,1860,1952,7,1,1504,0.770491803279
6030,1861,1504,1,1,1504,1.0
6031,1862,1504,1,1,1504,1.0
6035,1863,1482,4,1,1312,0.885290148448
6040,1864,3961,5,1,1504,0.37970209543
6041,1865,814,1,1,814,1.0
6042,1866,1504,1,1,1504,1.0
6043,1867,1504,1,1,1504,1.0
6045,1868,475,2,1,419,0.882105263158
6047,1869,124,2,1,68,0.548387096774
6054,1870,3333,7,1,1504,0.451245124512
6055,1871,1504,1,1,1504,1.0
6056,1872,1504,1,1,1504,1.0
6057,1873,56,1,1,56,1.0
6061,1874,3147,4,1,1504,0.477915475056
6067,1875,6136,6,2,3008,0.490221642764
6070,1876,1616,3,1,1504,0.930693069307
6071,1877,56,1,1,56,1.0
6074,1878,1632,3,1,1504,0.921568627451
6075,1879,1504,1,1,1504,1.0
6076,1880,72,1,1,72,1.0
6077,1881,1504,1,1,1504,1.0
6080,1882,158,3,1,56,0.354430379747
6083,1883,1661,3,1,1504,0.905478627333
6085,1884,120,2,1,64,0.533333333333
6086,1885,56,1,1,56,1.0
6092,1886,3230,6,1,1504,0.465634674923
6093,1887,50,1,1,50,1.0
6096,1888,3741,3,2,2237,0.597968457632
6098,1889,128,2,2,128,1.0
6099,1890,187,1,1,187,1.0
6102,1891,1624,3,1,1504,0.926108374384
6103,1892,1278,1,1,1278,1.0
6105,1893,104,2,2,104,1.0
6114,1894,9202,9,2,3008,0.326885459683
6119,1895,3276,5,1,1504,0.459096459096
6123,1896,368,4,1,210,0.570652173913
6124,1897,1504,1,1,1504,1.0
6125,1898,1504,1,1,1504,1.0
6127,1899,1523,2,1,1454,0.95469468155
6128,1900,1504,1,1,1504,1.0
6133,1901,2105,5,1,1504,0.714489311164
6134,1902,1504,1,1,1504,1.0
6135,1903,56,1,1,56,1.0
6139,1904,4588,4,1,1504,0.32781168265
6140,1905,52,1,1,52,1.0
6144,1906,661,4,1,458,0.692889561271
6150,1907,4680,6,1,1504,0.321367521368
6152,1908,1552,2,1,1496,0.963917525773
6153,1909,1504,1,1,1504,1.0
6163,1910,5683,10,1,1504,0.264648953018
6164,1911,68,1,1,68,1.0
6170,1912,4660,6,1,1504,0.322746781116
6171,1913,881,1,1,881,1.0
6172,1914,1504,1,1,1504,1.0
6178,1915,4845,6,1,1504,0.310423116615
6179,1916,46,1,1,46,1.0
6182,1917,3064,3,1,1504,0.490861618799
6193,1918,9606,11,2,3008,0.313137622319
6194,1919,1504,1,1,1504,1.0
6197,1920,3058,3,1,1504,0.491824722041
6201,1921,3120,4,1,1504,0.482051282051
6207,1922,4670,6,2,3008,0.644111349036
6208,1923,1504,1,1,1504,1.0
6213,1924,4456,5,1,1504,0.337522441652
6216,1925,1606,3,1,1504,0.936488169365
6223,1926,9010,7,2,3008,0.33385127636
6273,1927,62267,50,19,28576,0.458926879406
6297,1928,21602,24,5,7520,0.348115915193
6298,1929,1504,1,1,1504,1.0
6317,1930,10502,19,2,2808,0.267377642354
6321,1931,3159,4,1,1504,0.476100031656
6322,1932,46,1,1,46,1.0
6323,1933,1504,1,1,1504,1.0
6324,1934,1504,1,1,1504,1.0
6325,1935,1504,1,1,1504,1.0
6326,1936,1504,1,1,1504,1.0
6328,1937,102,2,1,56,0.549019607843
6332,1938,268,4,1,110,0.410447761194
6333,1939,46,1,1,46,1.0
6334,1940,1504,1,1,1504,1.0
6335,1941,1504,1,1,1504,1.0
6337,1942,126,2,1,76,0.603174603175
6339,1943,106,2,1,56,0.528301886792
6341,1944,1550,2,1,1504,0.970322580645
6342,1945,1444,1,1,1444,1.0
6343,1946,1504,1,1,1504,1.0
6346,1947,164,3,1,62,0.378048780488
6358,1948,5018,12,1,1504,0.299721004384
6359,1949,81,1,1,81,1.0
6360,1950,1504,1,1,1504,1.0
6361,1951,68,1,1,68,1.0
6363,1952,1560,2,1,1504,0.964102564103
6364,1953,1504,1,1,1504,1.0
6371,1954,1890,7,1,1504,0.795767195767
6372,1955,1504,1,1,1504,1.0
6373,1956,56,1,1,56,1.0
6376,1957,1604,3,1,1504,0.937655860349
6377,1958,1504,1,1,1504,1.0
6378,1959,1504,1,1,1504,1.0
6379,1960,1504,1,1,1504,1.0
6381,1961,1508,2,1,1424,0.944297082228
6383,1962,1560,2,1,1504,0.964102564103
6384,1963,1504,1,1,1504,1.0
6386,1964,1550,2,1,1504,0.970322580645
6393,1965,3290,7,1,1504,0.457142857143
6395,1966,1568,2,1,1504,0.959183673469
6396,1967,56,1,1,56,1.0
6397,1968,1504,1,1,1504,1.0
6399,1969,210,2,1,154,0.733333333333
6402,1970,1739,3,1,1504,0.864864864865
6404,1971,832,2,1,782,0.939903846154
6409,1972,2109,5,1,1504,0.713134186818
6412,1973,1610,3,1,1504,0.934161490683
6413,1974,1504,1,1,1504,1.0
6414,1975,56,1,1,56,1.0
6415,1976,1504,1,1,1504,1.0
6416,1977,46,1,1,46,1.0
6420,1978,2593,4,1,1504,0.580023139221
6422,1979,3008,2,1,1504,0.5
6423,1980,1504,1,1,1504,1.0
6424,1981,1504,1,1,1504,1.0
6427,1982,315,3,1,203,0.644444444444
6429,1983,1550,2,1,1504,0.970322580645
6430,1984,1504,1,1,1504,1.0
6432,1985,106,2,1,56,0.528301886792
6435,1986,3064,3,1,1504,0.490861618799
6442,1987,1966,7,1,1504,0.76500508647
6447,1988,1731,5,1,1504,0.868861929521
6448,1989,1504,1,1,1504,1.0
6451,1990,1391,3,1,1291,0.928109273904
6462,1991,6440,11,1,1504,0.233540372671
6463,1992,56,1,1,56,1.0
6465,1993,1560,2,1,1504,0.964102564103
6466,1994,1504,1,1,1504,1.0
6468,1995,2552,2,1,1504,0.58934169279
6471,1996,1639,3,1,1504,0.917632702868
6472,1997,1504,1,1,1504,1.0
6473,1998,1504,1,1,1504,1.0
6474,1999,52,1,1,52,1.0
6475,2000,354,1,1,354,1.0
6476,2001,1142,1,1,1142,1.0
6479,2002,1636,3,1,1504,0.919315403423
6485,2003,1798,6,1,1504,0.836484983315
6486,2004,56,1,1,56,1.0
6487,2005,1504,1,1,1504,1.0
6488,2006,1320,1,1,1320,1.0
6491,2007,4512,3,2,3008,0.666666666667
6492,2008,1504,1,1,1504,1.0
6493,2009,1504,1,1,1504,1.0
6494,2010,52,1,1,52,1.0
6501,2011,5336,7,2,2125,0.39823838081
6502,2012,1504,1,1,1504,1.0
6513,2013,5411,11,2,2021,0.373498429126
6520,2014,5402,7,2,2416,0.44724176231
6521,2015,1504,1,1,1504,1.0
6525,2016,2023,4,1,1504,0.743450321305
6528,2017,1624,3,1,1504,0.926108374384
6536,2018,2843,8,1,1459,0.513190291945
6537,2019,56,1,1,56,1.0
6545,2020,3354,8,1,1504,0.448419797257
6548,2021,1628,3,1,1504,0.923832923833
6549,2022,1504,1,1,1504,1.0
6551,2023,619,2,1,551,0.8901453958
6552,2024,46,1,1,46,1.0
6553,2025,113,1,1,113,1.0
6554,2026,56,1,1,56,1.0
6555,2027,46,1,1,46,1.0
6556,2028,87,1,1,87,1.0
6559,2029,146,3,1,50,0.342465753425
6561,2030,701,2,1,645,0.920114122682
6562,2031,1504,1,1,1504,1.0
6565,2032,172,3,1,76,0.441860465116
6570,2033,2600,5,2,1766,0.679230769231
6571,2034,64,1,1,64,1.0
6573,2035,112,2,1,56,0.5
6574,2036,47,1,1,47,1.0
6576,2037,114,2,1,68,0.59649122807
6577,2038,46,1,1,46,1.0
6578,2039,1444,1,1,1444,1.0
6579,2040,280,1,1,280,1.0
6581,2041,143,2,1,97,0.678321678322
6582,2042,46,1,1,46,1.0
6583,2043,1291,1,1,1291,1.0
6585,2044,106,2,1,56,0.528301886792
6586,2045,50,1,1,50,1.0
6588,2046,112,2,1,56,0.5
6592,2047,346,4,1,204,0.589595375723
6593,2048,64,1,1,64,1.0
6595,2049,120,2,1,64,0.533333333333
6596,2050,56,1,1,56,1.0
6598,2051,132,2,1,76,0.575757575758
6599,2052,1424,1,1,1424,1.0
6603,2053,1602,4,1,1424,0.888888888889
6604,2054,1504,1,1,1504,1.0
6605,2055,1424,1,1,1424,1.0
6608,2056,1520,3,1,1424,0.936842105263
6609,2057,1424,1,1,1424,1.0
6610,2058,1504,1,1,1504,1.0
6611,2059,1504,1,1,1504,1.0
6613,2060,2848,2,2,2848,1.0
6615,2061,2928,2,1,1504,0.513661202186
6621,2062,3104,6,2,2848,0.917525773196
6626,2063,1828,5,1,1424,0.778993435449
6630,2064,4865,4,2,2848,0.585405960946
6640,2065,8839,10,2,3008,0.340309989818
6641,2066,56,1,1,56,1.0
6642,2067,56,1,1,56,1.0
6643,2068,64,1,1,64,1.0
6644,2069,1504,1,1,1504,1.0
6654,2070,7534,10,3,4512,0.59888505442
6656,2071,370,2,1,324,0.875675675676
6658,2072,106,2,1,56,0.528301886792
6659,2073,68,1,1,68,1.0
6660,2074,56,1,1,56,1.0
6661,2075,1504,1,1,1504,1.0
6662,2076,46,1,1,46,1.0
6665,2077,150,3,2,100,0.666666666667
6667,2078,120,2,1,64,0.533333333333
6669,2079,120,2,1,64,0.533333333333
6670,2080,56,1,1,56,1.0
6674,2081,4562,4,2,3008,0.659359929855
6679,2082,3176,5,1,1504,0.47355163728
6684,2083,5892,5,1,1504,0.255261371351
6688,2084,1684,4,1,1504,0.893111638955
6689,2085,50,1,1,50,1.0
6694,2086,4600,5,1,1504,0.326956521739
6695,2087,56,1,1,56,1.0
6696,2088,1504,1,1,1504,1.0
6698,2089,1572,2,1,1504,0.956743002545
6699,2090,56,1,1,56,1.0
6700,2091,50,1,1,50,1.0
6706,2092,3238,6,1,1504,0.464484249537
6707,2093,56,1,1,56,1.0
6724,2094,8833,17,3,4512,0.510811728744
6725,2095,1504,1,1,1504,1.0
6728,2096,178,3,2,128,0.719101123596
6729,2097,1504,1,1,1504,1.0
6734,2098,312,5,4,256,0.820512820513
6735,2099,1504,1,1,1504,1.0
6737,2100,130,2,1,80,0.615384615385
6738,2101,1504,1,1,1504,1.0
6740,2102,1355,2,1,987,0.728413284133
6741,2103,88,1,1,88,1.0
6743,2104,2043,2,1,1504,0.736172295644
6745,2105,1568,2,1,1504,0.959183673469
6746,2106,1074,1,1,1074,1.0
6757,2107,9123,11,4,6016,0.659432204319
6758,2108,50,1,1,50,1.0
6759,2109,1504,1,1,1504,1.0
6763,2110,606,4,1,448,0.739273927393
6765,2111,1752,2,1,1504,0.858447488584
6769,2112,1666,4,1,1504,0.902761104442
6770,2113,1504,1,1,1504,1.0
6775,2114,3154,5,1,1504,0.476854787571
6776,2115,50,1,1,50,1.0
6777,2116,1504,1,1,1504,1.0
6780,2117,1616,3,1,1504,0.930693069307
6781,2118,358,1,1,358,1.0
6798,2119,14229,17,4,6016,0.422798510085
6799,2120,204,1,1,204,1.0
6801,2121,464,2,1,408,0.879310344828
6802,2122,1496,1,1,1496,1.0
6813,2123,8377,11,3,4512,0.538617643548
6814,2124,1504,1,1,1504,1.0
6818,2125,1642,4,1,1504,0.915956151035
6821,2126,1144,3,1,1048,0.916083916084
6825,2127,4508,4,1,1504,0.333629103815
6826,2128,56,1,1,56,1.0
6832,2129,5958,6,1,1504,0.252433702585
6833,2130,1504,1,1,1504,1.0
6836,2131,3159,3,1,1504,0.476100031656
6844,2132,6306,8,1,1504,0.238503013003
6852,2133,3644,8,2,1852,0.508232711306
6853,2134,1504,1,1,1504,1.0
6856,2135,1610,3,1,1504,0.934161490683
6858,2136,3008,2,1,1504,0.5
6862,2137,2620,4,1,1504,0.574045801527
6863,2138,83,1,1,83,1.0
6864,2139,119,1,1,119,1.0
6865,2140,1504,1,1,1504,1.0
6870,2141,434,5,1,210,0.483870967742
6871,2142,56,1,1,56,1.0
6873,2143,102,2,1,56,0.549019607843
6882,2144,9136,9,2,3008,0.329246935201
6885,2145,2718,3,1,1504,0.553348050037
6887,2146,1105,2,1,1055,0.954751131222
6889,2147,582,2,1,502,0.862542955326
6890,2148,1504,1,1,1504,1.0
6892,2149,128,2,1,64,0.5
6893,2150,72,1,1,72,1.0
6894,2151,46,1,1,46,1.0
6895,2152,56,1,1,56,1.0
6898,2153,3255,3,1,1504,0.462058371736
6901,2154,1791,3,1,1504,0.839754327192
6902,2155,1504,1,1,1504,1.0
6905,2156,815,3,1,576,0.706748466258
6906,2157,1504,1,1,1504,1.0
6915,2158,4705,9,1,1504,0.319659936238
6916,2159,777,1,1,777,1.0
6917,2160,1503,1,1,1503,1.0
6921,2161,3110,4,1,1504,0.483601286174
6928,2162,7075,7,2,3008,0.425159010601
6931,2163,3076,3,2,3008,0.97789336801
6934,2164,318,3,1,222,0.698113207547
6935,2165,46,1,1,46,1.0
6940,2166,3615,5,1,1504,0.416044260028
6943,2167,2597,3,1,1504,0.579129765114
6949,2168,3220,6,1,1504,0.467080745342
6951,2169,1128,2,1,1048,0.929078014184
6956,2170,4109,5,2,3008,0.732051594062
6961,2171,254,5,1,56,0.220472440945
6962,2172,64,1,1,64,1.0
6963,2173,568,1,1,568,1.0
6964,2174,64,1,1,64,1.0
6965,2175,680,1,1,680,1.0
6967,2176,122,2,1,72,0.590163934426
6971,2177,1702,4,1,1504,0.883666274971
6975,2178,2002,4,1,1504,0.751248751249
6977,2179,106,2,1,56,0.528301886792
6978,2180,56,1,1,56,1.0
6979,2181,89,1,1,89,1.0
6981,2182,1905,2,1,1504,0.789501312336
6982,2183,1357,1,1,1357,1.0
6983,2184,204,1,1,204,1.0
6984,2185,1345,1,1,1345,1.0
6985,2186,1504,1,1,1504,1.0
6988,2187,1616,3,1,1504,0.930693069307
6990,2188,102,2,1,56,0.549019607843
6991,2189,1504,1,1,1504,1.0
6994,2190,761,3,1,501,0.658344283837
6995,2191,1504,1,1,1504,1.0
7007,2192,6464,12,1,1504,0.232673267327
7008,2193,64,1,1,64,1.0
7009,2194,1504,1,1,1504,1.0
7017,2195,6542,8,1,1504,0.229899113421
7018,2196,1504,1,1,1504,1.0
7022,2197,1765,4,1,1504,0.852124645892
7026,2198,3114,4,1,1504,0.482980089917
7027,2199,1504,1,1,1504,1.0
7034,2200,5425,7,3,2837,0.522949308756
7036,2201,102,2,1,56,0.549019607843
7037,2202,56,1,1,56,1.0
7038,2203,1504,1,1,1504,1.0
7041,2204,3064,3,1,1504,0.490861618799
7056,2205,12613,15,3,4512,0.357726155554
7058,2206,1568,2,1,1504,0.959183673469
7060,2207,1560,2,1,1504,0.964102564103
7061,2208,1504,1,1,1504,1.0
7062,2209,1504,1,1,1504,1.0
7084,2210,22128,22,6,9024,0.407809110629
7085,2211,1504,1,1,1504,1.0
7104,2212,16630,19,3,4512,0.271316897174
7105,2213,848,1,1,848,1.0
7107,2214,1550,2,1,1504,0.970322580645
7108,2215,46,1,1,46,1.0
7109,2216,1504,1,1,1504,1.0
7110,2217,1504,1,1,1504,1.0
7133,2218,25297,23,4,6016,0.237814760644
7134,2219,64,1,1,64,1.0
7137,2220,4512,3,1,1504,0.333333333333
7141,2221,4568,4,3,4512,0.987740805604
7142,2222,1504,1,1,1504,1.0
7145,2223,1806,3,1,1504,0.832779623477
7148,2224,1840,3,1,1048,0.569565217391
7149,2225,1504,1,1,1504,1.0
7151,2226,1560,2,1,1504,0.964102564103
7152,2227,1504,1,1,1504,1.0
7153,2228,1504,1,1,1504,1.0
7154,2229,1504,1,1,1504,1.0
7155,2230,46,1,1,46,1.0
7156,2231,1504,1,1,1504,1.0
7160,2232,4120,4,2,2552,0.619417475728
7161,2233,1504,1,1,1504,1.0
7167,2234,1784,6,1,1504,0.843049327354
7169,2235,237,2,1,181,0.763713080169
7170,2236,50,1,1,50,1.0
7172,2237,110,2,1,64,0.581818181818
7173,2238,458,1,1,458,1.0
7175,2239,92,2,1,46,0.5
7176,2240,1012,1,1,1012,1.0
7177,2241,455,1,1,455,1.0
7181,2242,3100,4,2,3008,0.970322580645
7182,2243,1504,1,1,1504,1.0
7189,2244,3426,7,2,3008,0.877991827204
7190,2245,56,1,1,56,1.0
7191,2246,56,1,1,56,1.0
7193,2247,106,2,1,56,0.528301886792
7194,2248,1244,1,1,1244,1.0
7195,2249,52,1,1,52,1.0
7196,2250,1504,1,1,1504,1.0
7201,2251,1718,5,1,1504,0.875436554133
7203,2252,100,2,2,100,1.0
7204,2253,204,1,1,204,1.0
7205,2254,46,1,1,46,1.0
7206,2255,56,1,1,56,1.0
7209,2256,156,3,1,56,0.358974358974
7212,2257,1616,3,1,1504,0.930693069307
7215,2258,1616,3,1,1504,0.930693069307
7216,2259,1504,1,1,1504,1.0
7219,2260,1616,3,1,1504,0.930693069307
7222,2261,148,3,1,56,0.378378378378
7223,2262,1504,1,1,1504,1.0
7226,2263,227,3,1,97,0.42731277533
7228,2264,1607,2,1,1504,0.935905413815
7231,2265,1610,3,1,1504,0.934161490683
7232,2266,56,1,1,56,1.0
7235,2267,1905,3,1,1496,0.78530183727
7236,2268,50,1,1,50,1.0
7243,2269,4716,7,2,3008,0.637828668363
7244,2270,56,1,1,56,1.0
7246,2271,1560,2,1,1504,0.964102564103
7247,2272,56,1,1,56,1.0
7248,2273,204,1,1,204,1.0
7249,2274,1504,1,1,1504,1.0
7250,2275,1504,1,1,1504,1.0
7251,2276,1504,1,1,1504,1.0
7254,2277,182,3,1,68,0.373626373626
7257,2278,2772,3,1,1460,0.526695526696
7268,2279,6007,11,2,1734,0.288663226236
7269,2280,1504,1,1,1504,1.0
7270,2281,1504,1,1,1504,1.0
7271,2282,1504,1,1,1504,1.0
7274,2283,1628,3,2,1572,0.965601965602
7275,2284,56,1,1,56,1.0
7278,2285,1624,3,1,1504,0.926108374384
7279,2286,81,1,1,81,1.0
7292,2287,4064,13,2,1572,0.386811023622
7293,2288,46,1,1,46,1.0
7300,2289,1818,7,1,1504,0.827282728273
7306,2290,2893,6,2,1501,0.518838575873
7307,2291,1504,1,1,1504,1.0
7310,2292,358,3,1,204,0.569832402235
7311,2293,545,1,1,545,1.0
7313,2294,96,2,1,50,0.520833333333
7316,2295,208,3,1,84,0.403846153846
7317,2296,50,1,1,50,1.0
7318,2297,1496,1,1,1496,1.0
7319,2298,64,1,1,64,1.0
7320,2299,244,1,1,244,1.0
7322,2300,1546,2,1,1496,0.96765847348
7323,2301,1496,1,1,1496,1.0
7324,2302,56,1,1,56,1.0
7325,2303,1404,1,1,1404,1.0
7341,2304,14015,16,8,12032,0.858508740635
7343,2305,1982,2,1,1496,0.754793138244
7344,2306,46,1,1,46,1.0
7348,2307,1658,4,1,1496,0.902291917973
7350,2308,1389,2,1,1343,0.966882649388
7352,2309,1575,2,1,1496,0.949841269841
7367,2310,11851,15,2,2992,0.252468146148
7368,2311,56,1,1,56,1.0
7369,2312,1496,1,1,1496,1.0
7370,2313,56,1,1,56,1.0
7371,2314,1504,1,1,1504,1.0
7379,2315,2877,8,1,1496,0.519986096628
7380,2316,1061,1,1,1061,1.0
7381,2317,298,1,1,298,1.0
7384,2318,178,3,1,64,0.359550561798
7385,2319,314,1,1,314,1.0
7386,2320,204,1,1,204,1.0
7387,2321,50,1,1,50,1.0
7388,2322,56,1,1,56,1.0
7390,2323,2172,2,1,1504,0.692449355433
7391,2324,81,1,1,81,1.0
7393,2325,96,2,1,50,0.520833333333
7394,2326,1504,1,1,1504,1.0
7395,2327,1144,1,1,1144,1.0
7396,2328,56,1,1,56,1.0
7397,2329,734,1,1,734,1.0
7398,2330,1504,1,1,1504,1.0
7401,2331,152,3,1,56,0.368421052632
7402,2332,1504,1,1,1504,1.0
7403,2333,56,1,1,56,1.0
7406,2334,1622,3,1,1504,0.927250308261
7407,2335,1504,1,1,1504,1.0
7408,2336,145,1,1,145,1.0
7410,2337,2747,2,1,1504,0.547506370586
7412,2338,3008,2,1,1504,0.5
7423,2339,3536,11,1,1504,0.425339366516
7425,2340,120,2,1,64,0.533333333333
7426,2341,1504,1,1,1504,1.0
7431,2342,318,5,4,272,0.85534591195
7434,2343,714,3,1,602,0.843137254902
7436,2344,102,2,1,56,0.549019607843
7439,2345,3064,3,1,1504,0.490861618799
7440,2346,1444,1,1,1444,1.0
7443,2347,1628,3,1,1504,0.923832923833
7445,2348,1500,2,1,1444,0.962666666667
7446,2349,1504,1,1,1504,1.0
7454,2350,6040,8,2,2492,0.412582781457
7458,2351,4544,4,1,1504,0.330985915493
7464,2352,5445,6,2,2195,0.403122130395
7465,2353,1504,1,1,1504,1.0
7468,2354,1640,3,1,1504,0.917073170732
7473,2355,3403,5,1,1504,0.441962973847
7474,2356,1504,1,1,1504,1.0
7477,2357,3046,3,1,1504,0.493762311228
7480,2358,417,3,1,309,0.741007194245
7485,2359,4689,5,1,1504,0.320750693112
7488,2360,3064,3,1,1504,0.490861618799
7489,2361,50,1,1,50,1.0
7495,2362,3700,6,1,1504,0.406486486486
7496,2363,1444,1,1,1444,1.0
7497,2364,151,1,1,151,1.0
7501,2365,1668,4,1,1504,0.901678657074
7502,2366,1504,1,1,1504,1.0
7507,2367,3870,5,2,2314,0.597932816537
7918,2368,405921,411,69,103224,0.254295786619
7924,2369,3319,6,1,1504,0.453148538716
7925,2370,1504,1,1,1504,1.0
7926,2371,56,1,1,56,1.0
7927,2372,1504,1,1,1504,1.0
7935,2373,5035,8,2,3008,0.597418073486
7938,2374,1592,3,1,1496,0.939698492462
7941,2375,1600,3,1,1504,0.94
7947,2376,1666,6,1,1404,0.842737094838
7948,2377,89,1,1,89,1.0
7953,2378,1117,5,1,801,0.717099373321
7962,2379,1906,9,1,1504,0.789087093389
7966,2380,1672,4,1,1504,0.8995215311
7967,2381,46,1,1,46,1.0
7970,2382,1429,3,2,1112,0.778166550035
7971,2383,1504,1,1,1504,1.0
7973,2384,2060,2,1,1504,0.730097087379
7975,2385,1743,2,1,1504,0.862880091796
7976,2386,1504,1,1,1504,1.0
7980,2387,2643,4,1,1504,0.569050321604
7983,2388,1168,3,2,1112,0.952054794521
7988,2389,2280,5,4,2224,0.975438596491
7989,2390,1504,1,1,1504,1.0
7990,2391,1504,1,1,1504,1.0
7991,2392,863,1,1,863,1.0
7993,2393,168,2,2,168,1.0
7996,2394,3266,3,1,1504,0.460502143295
8000,2395,1822,4,1,1504,0.825466520307
8001,2396,1504,1,1,1504,1.0
8002,2397,1496,1,1,1496,1.0
8015,2398,5698,13,1,1504,0.263952263952
8016,2399,556,1,1,556,1.0
8017,2400,1504,1,1,1504,1.0
8020,2401,1668,3,3,1668,1.0
8021,2402,46,1,1,46,1.0
8022,2403,1504,1,1,1504,1.0
8023,2404,50,1,1,50,1.0
8024,2405,180,1,1,180,1.0
8026,2406,2663,2,1,1504,0.564776567781
8027,2407,56,1,1,56,1.0
8028,2408,1424,1,1,1424,1.0
8034,2409,6699,6,2,2848,0.42513808031
8035,2410,56,1,1,56,1.0
8038,2411,1083,3,2,1027,0.948291782087
8046,2412,6546,8,2,1924,0.293919951115
8054,2413,5826,8,1,1504,0.258153106763
8055,2414,46,1,1,46,1.0
8061,2415,5180,6,1,1504,0.290347490347
8065,2416,3700,4,1,1470,0.397297297297
8074,2417,6424,9,2,3008,0.468244084682
8077,2418,3064,3,1,1504,0.490861618799
8081,2419,390,4,1,204,0.523076923077
8082,2420,1504,1,1,1504,1.0
8085,2421,1951,3,1,1504,0.770886724757
8088,2422,2070,3,1,1097,0.529951690821
8090,2423,1560,2,1,1504,0.964102564103
8091,2424,204,1,1,204,1.0
8092,2425,1504,1,1,1504,1.0
8095,2426,152,3,1,52,0.342105263158
8096,2427,838,1,1,838,1.0
8097,2428,1504,1,1,1504,1.0
8100,2429,902,3,1,750,0.831485587583
8101,2430,56,1,1,56,1.0
8104,2431,1649,3,1,1504,0.912067919951
8105,2432,1504,1,1,1504,1.0
8107,2433,1578,2,1,1504,0.953105196451
8109,2434,1550,2,1,1504,0.970322580645
8111,2435,140,2,1,84,0.6
8112,2436,1404,1,1,1404,1.0
8114,2437,120,2,1,64,0.533333333333
8117,2438,1632,3,1,1504,0.921568627451
8118,2439,46,1,1,46,1.0
8119,2440,76,1,1,76,1.0
8120,2441,1504,1,1,1504,1.0
8121,2442,56,1,1,56,1.0
8123,2443,114,2,1,64,0.561403508772
8124,2444,1504,1,1,1504,1.0
8125,2445,1504,1,1,1504,1.0
8134,2446,6289,9,2,3008,0.478295436476
8138,2447,4568,4,2,3008,0.658493870403
8139,2448,1486,1,1,1486,1.0
8142,2449,3072,3,1,1504,0.489583333333
8143,2450,1486,1,1,1486,1.0
8144,2451,1504,1,1,1504,1.0
8157,2452,7442,13,1,1504,0.202096210696
8162,2453,4614,5,1,1504,0.325964456003
8163,2454,1504,1,1,1504,1.0
8165,2455,116,2,1,70,0.603448275862
8167,2456,140,2,1,84,0.6
8168,2457,56,1,1,56,1.0
8169,2458,46,1,1,46,1.0
8170,2459,1504,1,1,1504,1.0
8171,2460,1504,1,1,1504,1.0
8173,2461,1777,2,1,1504,0.846370287001
8176,2462,1606,3,1,1504,0.936488169365
8177,2463,204,1,1,204,1.0
8179,2464,1500,2,1,1444,0.962666666667
8180,2465,1444,1,1,1444,1.0
8181,2466,56,1,1,56,1.0
8182,2467,1504,1,1,1504,1.0
8183,2468,56,1,1,56,1.0
8185,2469,527,2,1,481,0.912713472486
8186,2470,50,1,1,50,1.0
8188,2471,2948,2,1,1504,0.510176390773
8191,2472,1624,3,1,1504,0.926108374384
8193,2473,106,2,1,56,0.528301886792
8197,2474,1652,4,1,1504,0.910411622276
8200,2475,3349,3,1,1504,0.449089280382
8208,2476,1736,8,1,676,0.389400921659
8209,2477,56,1,1,56,1.0
8211,2478,3008,2,2,3008,1.0
8213,2479,96,2,1,50,0.520833333333
8214,2480,56,1,1,56,1.0
8215,2481,46,1,1,46,1.0
8219,2482,1096,4,1,560,0.510948905109
8220,2483,46,1,1,46,1.0
8221,2484,84,1,1,84,1.0
8223,2485,710,2,1,506,0.712676056338
8224,2486,46,1,1,46,1.0
8239,2487,13700,15,6,9024,0.658686131387
8240,2488,56,1,1,56,1.0
8241,2489,110,1,1,110,1.0
8242,2490,1504,1,1,1504,1.0
8248,2491,4348,6,1,1504,0.345906163753
8249,2492,1504,1,1,1504,1.0
8255,2493,886,6,1,590,0.665914221219
8257,2494,112,2,1,56,0.5
8259,2495,250,2,1,204,0.816
8261,2496,102,2,1,56,0.549019607843
8262,2497,698,1,1,698,1.0
8263,2498,56,1,1,56,1.0
8264,2499,617,1,1,617,1.0
8265,2500,1504,1,1,1504,1.0
8266,2501,56,1,1,56,1.0
8269,2502,3036,3,1,1504,0.495388669302
8270,2503,68,1,1,68,1.0
8271,2504,1504,1,1,1504,1.0
8272,2505,1486,1,1,1486,1.0
8275,2506,179,3,1,79,0.441340782123
8277,2507,1550,2,1,1504,0.970322580645
8278,2508,64,1,1,64,1.0
8280,2509,112,2,1,56,0.5
8285,2510,3154,5,1,1504,0.476854787571
8287,2511,98,2,1,52,0.530612244898
8288,2512,1504,1,1,1504,1.0
8290,2513,92,2,1,46,0.5
8291,2514,56,1,1,56,1.0
8292,2515,1504,1,1,1504,1.0
8296,2516,1706,4,1,1504,0.881594372802
8297,2517,1504,1,1,1504,1.0
8305,2518,1920,8,1,1504,0.783333333333
8306,2519,1474,1,1,1474,1.0
8313,2520,342,7,2,92,0.269005847953
8320,2521,3355,7,1,1504,0.448286140089
8325,2522,4624,5,1,1504,0.325259515571
8328,2523,1844,3,1,1504,0.815618221258
8337,2524,6759,9,1,1504,0.222518123983
8338,2525,1504,1,1,1504,1.0
8340,2526,664,2,1,608,0.915662650602
8341,2527,1504,1,1,1504,1.0
8342,2528,68,1,1,68,1.0
8352,2529,12052,10,4,5896,0.489213408563
8354,2530,1560,2,1,1504,0.964102564103
8355,2531,204,1,1,204,1.0
8356,2532,1504,1,1,1504,1.0
8360,2533,3100,4,1,1504,0.485161290323
8361,2534,56,1,1,56,1.0
8363,2535,3008,2,1,1504,0.5
8365,2536,1592,2,1,1504,0.94472361809
8368,2537,2285,3,1,1486,0.650328227571
8370,2538,3008,2,1,1504,0.5
8376,2539,3159,6,1,1504,0.476100031656
8387,2540,14404,11,3,4512,0.313246320467
8388,2541,1504,1,1,1504,1.0
8391,2542,2141,3,1,1504,0.702475478748
8396,2543,2310,5,1,1444,0.625108225108
8397,2544,1504,1,1,1504,1.0
8398,2545,1504,1,1,1504,1.0
8400,2546,954,2,1,904,0.947589098532
8401,2547,1504,1,1,1504,1.0
8402,2548,1504,1,1,1504,1.0
8403,2549,1504,1,1,1504,1.0
8408,2550,4290,5,2,2552,0.594871794872
8409,2551,1504,1,1,1504,1.0
8410,2552,124,1,1,124,1.0
8411,2553,44,1,1,44,1.0
8412,2554,1504,1,1,1504,1.0
8413,2555,1504,1,1,1504,1.0
8418,2556,6072,5,3,4512,0.743083003953
8419,2557,56,1,1,56,1.0
8421,2558,1560,2,1,1504,0.964102564103
8423,2559,1560,2,1,1504,0.964102564103
8433,2560,9772,10,3,4500,0.460499386001
8435,2561,1746,2,1,1504,0.861397479954
8439,2562,1646,4,1,1504,0.913730255164
8446,2563,4219,7,2,3008,0.71296515762
8447,2564,136,1,1,136,1.0
8448,2565,56,1,1,56,1.0
8449,2566,56,1,1,56,1.0
8450,2567,56,1,1,56,1.0
8453,2568,170,3,1,64,0.376470588235
8454,2569,46,1,1,46,1.0
8455,2570,56,1,1,56,1.0
8456,2571,76,1,1,76,1.0
8457,2572,56,1,1,56,1.0
8458,2573,56,1,1,56,1.0
8461,2574,162,3,1,56,0.345679012346
8462,2575,50,1,1,50,1.0
8465,2576,2552,3,1,1424,0.557993730408
8466,2577,64,1,1,64,1.0
8469,2578,1614,3,1,1504,0.931846344486
8470,2579,1504,1,1,1504,1.0
8473,2580,168,3,1,56,0.333333333333
8474,2581,1504,1,1,1504,1.0
8475,2582,1145,1,1,1145,1.0
8479,2583,1704,4,1,1504,0.882629107981
8480,2584,68,1,1,68,1.0
8481,2585,56,1,1,56,1.0
8487,2586,4792,6,2,2848,0.594323873122
8488,2587,1504,1,1,1504,1.0
8491,2588,1895,3,1,1424,0.751451187335
8492,2589,1424,1,1,1424,1.0
8497,2590,1638,5,1,1424,0.869352869353
8498,2591,56,1,1,56,1.0
8499,2592,68,1,1,68,1.0
8501,2593,102,2,1,56,0.549019607843
8504,2594,2457,3,1,1424,0.579568579569
8510,2595,5051,6,2,2848,0.563848742823
8513,2596,1544,3,1,1424,0.922279792746
8514,2597,1424,1,1,1424,1.0
8516,2598,158,2,1,108,0.683544303797
8523,2599,4706,7,2,2848,0.605184870378
8524,2600,52,1,1,52,1.0
8525,2601,50,1,1,50,1.0
8526,2602,68,1,1,68,1.0
8527,2603,64,1,1,64,1.0
8528,2604,50,1,1,50,1.0
8530,2605,1474,2,1,1424,0.966078697422
8531,2606,1504,1,1,1504,1.0
8536,2607,1630,5,1,1424,0.873619631902
8542,2608,1670,6,1,1424,0.852694610778
8544,2609,2848,2,1,1424,0.5
8547,2610,2898,3,1,1424,0.491373360939
8555,2611,8810,8,3,4272,0.484903518729
8557,2612,1514,2,1,1424,0.940554821664
8560,2613,2974,3,1,1486,0.499663752522
8563,2614,4352,3,2,2848,0.654411764706
8567,2615,3292,4,1,1424,0.432563791009
8569,2616,1560,2,1,1504,0.964102564103
8570,2617,1424,1,1,1424,1.0
8571,2618,74,1,1,74,1.0
8577,2619,5961,6,2,2848,0.477772185875
8578,2620,1444,1,1,1444,1.0
8579,2621,46,1,1,46,1.0
8580,2622,1424,1,1,1424,1.0
8582,2623,2928,2,1,1504,0.513661202186
8585,2624,2916,3,2,2848,0.976680384088
8606,2625,19178,21,4,5696,0.297006987173
8611,2626,1650,5,1,1424,0.86303030303
8612,2627,1424,1,1,1424,1.0
8613,2628,1504,1,1,1504,1.0
8614,2629,1504,1,1,1504,1.0
8616,2630,2169,2,1,1504,0.693407100046
8618,2631,1810,2,1,1504,0.830939226519
8621,2632,3064,3,1,1504,0.490861618799
8622,2633,56,1,1,56,1.0
8626,2634,3120,4,1,1504,0.482051282051
8628,2635,1427,2,1,1371,0.960756832516
8629,2636,1504,1,1,1504,1.0
8633,2637,1658,4,1,1504,0.907117008444
8636,2638,3482,3,1,1504,0.431935669156
8637,2639,1504,1,1,1504,1.0
8641,2640,2234,4,1,1504,0.673231871083
8648,2641,3962,7,1,1504,0.379606259465
8649,2642,56,1,1,56,1.0
8650,2643,56,1,1,56,1.0
8651,2644,1504,1,1,1504,1.0
8658,2645,4295,7,1,1504,0.350174621653
8659,2646,50,1,1,50,1.0
8663,2647,3110,4,1,1504,0.483601286174
8664,2648,1424,1,1,1424,1.0
8665,2649,1504,1,1,1504,1.0
8668,2650,4476,3,2,2972,0.663985701519
8674,2651,5559,6,1,1504,0.2705522576
8675,2652,1504,1,1,1504,1.0
8679,2653,2961,4,1,1504,0.507936507937
8683,2654,1751,4,1,1504,0.858937749857
8687,2655,555,4,1,381,0.686486486486
8692,2656,6669,5,2,2592,0.388663967611
8696,2657,1975,4,1,1504,0.761518987342
8699,2658,3064,3,1,1504,0.490861618799
8700,2659,1504,1,1,1504,1.0
8703,2660,1634,3,1,1504,0.920440636475
8705,2661,1628,2,1,1504,0.923832923833
8706,2662,1504,1,1,1504,1.0
8708,2663,92,2,1,46,0.5
8709,2664,1504,1,1,1504,1.0
8713,2665,1696,4,1,1504,0.88679245283
8714,2666,1504,1,1,1504,1.0
8719,2667,5014,5,1,1504,0.299960111687
8726,2668,5938,7,1,1504,0.253283933985
8727,2669,56,1,1,56,1.0
8731,2670,2764,4,1,1504,0.544138929088
8732,2671,1284,1,1,1284,1.0
8734,2672,1391,2,1,1069,0.76851186197
8735,2673,56,1,1,56,1.0
8738,2674,1606,3,1,1504,0.936488169365
8741,2675,3064,3,2,3008,0.981723237598
8745,2676,2902,4,1,1504,0.518263266713
8746,2677,1284,1,1,1284,1.0
8747,2678,1504,1,1,1504,1.0
8748,2679,1284,1,1,1284,1.0
8749,2680,1504,1,1,1504,1.0
8750,2681,1404,1,1,1404,1.0
8762,2682,10822,12,2,2808,0.259471447052
8763,2683,50,1,1,50,1.0
8764,2684,1504,1,1,1504,1.0
8765,2685,608,1,1,608,1.0
8776,2686,11341,11,3,4512,0.39784851424
8783,2687,7367,7,1,1504,0.204153658206
8802,2688,14070,19,3,4512,0.320682302772
8803,2689,50,1,1,50,1.0
8804,2690,1504,1,1,1504,1.0
8809,2691,3166,5,1,1504,0.475047378395
8811,2692,1560,2,1,1504,0.964102564103
8812,2693,64,1,1,64,1.0
8825,2694,12826,13,3,4212,0.328395446749
8826,2695,1504,1,1,1504,1.0
8832,2696,5645,6,2,2517,0.445881310895
8841,2697,6429,9,2,1693,0.263337999689
8849,2698,9289,8,2,3008,0.323823877705
8850,2699,46,1,1,46,1.0
8851,2700,1504,1,1,1504,1.0
8853,2701,102,2,1,56,0.549019607843
8854,2702,1504,1,1,1504,1.0
8855,2703,59,1,1,59,1.0
8856,2704,50,1,1,50,1.0
8857,2705,56,1,1,56,1.0
8859,2706,139,2,1,89,0.640287769784
8860,2707,1504,1,1,1504,1.0
8866,2708,4898,6,1,1504,0.307064107799
8867,2709,698,1,1,698,1.0
8868,2710,1504,1,1,1504,1.0
8869,2711,1504,1,1,1504,1.0
8871,2712,102,2,1,56,0.549019607843
8872,2713,56,1,1,56,1.0
8874,2714,1560,2,1,1504,0.964102564103
8880,2715,3435,6,1,1504,0.437845705968
8881,2716,46,1,1,46,1.0
8884,2717,156,3,1,64,0.410256410256
8886,2718,102,2,1,56,0.549019607843
8887,2719,64,1,1,64,1.0
8890,2720,1536,3,1,1424,0.927083333333
8896,2721,1732,6,1,1424,0.822170900693
8897,2722,1424,1,1,1424,1.0
8904,2723,4812,7,2,1715,0.356400665004
8905,2724,46,1,1,46,1.0
8908,2725,1596,3,1,1504,0.942355889724
8909,2726,64,1,1,64,1.0
8915,2727,1778,6,1,1504,0.845894263217
8918,2728,396,3,1,284,0.717171717172
8919,2729,1504,1,1,1504,1.0
8925,2730,1801,6,1,1504,0.835091615769
8926,2731,1404,1,1,1404,1.0
8928,2732,116,2,1,70,0.603448275862
8929,2733,1504,1,1,1504,1.0
8930,2734,1500,1,1,1500,1.0
8932,2735,2908,2,1,1504,0.51719394773
8945,2736,10177,13,3,4362,0.428613540336
8947,2737,1560,2,1,1504,0.964102564103
8955,2738,5031,8,1,1504,0.298946531505
8965,2739,7713,10,1,1504,0.194995462207
8966,2740,1424,1,1,1424,1.0
8979,2741,11400,13,2,3000,0.263157894737
8995,2742,14892,16,2,3008,0.201987644373
9002,2743,7580,7,1,1504,0.198416886544
9008,2744,4700,6,1,1504,0.32
9010,2745,1560,2,1,1504,0.964102564103
9017,2746,5760,7,2,1920,0.333333333333
9026,2747,6854,9,2,3008,0.438867814415
9030,2748,2079,4,1,1504,0.723424723425
9032,2749,1568,2,1,1504,0.959183673469
9041,2750,6990,9,1,1504,0.215164520744
9052,2751,7382,11,1,1504,0.203738824167
9053,2752,1504,1,1,1504,1.0
9054,2753,64,1,1,64,1.0
9055,2754,1504,1,1,1504,1.0
9065,2755,5943,10,1,1504,0.253070839643
9067,2756,2192,2,2,2192,1.0
9068,2757,1504,1,1,1504,1.0
9080,2758,7840,12,2,3008,0.383673469388
9081,2759,1504,1,1,1504,1.0
9087,2760,3216,6,1,1504,0.467661691542
9095,2761,9030,8,2,3008,0.333111849391
9096,2762,1504,1,1,1504,1.0
9102,2763,5210,6,1,1504,0.2886756238
9107,2764,3582,5,1,1504,0.419877163596
9108,2765,1504,1,1,1504,1.0
9111,2766,158,3,1,56,0.354430379747
9112,2767,1504,1,1,1504,1.0
9113,2768,1504,1,1,1504,1.0
9118,2769,1755,5,1,1504,0.85698005698
9120,2770,102,2,1,56,0.549019607843
9121,2771,1504,1,1,1504,1.0
9133,2772,7093,12,2,3008,0.424080078951
9141,2773,6173,8,1,1504,0.243641665317
9143,2774,2009,2,1,1504,0.748631159781
9149,2775,3716,6,1,1504,0.404736275565
9151,2776,1149,2,1,1089,0.947780678851
9156,2777,4542,5,1,1504,0.331131660062
9157,2778,1504,1,1,1504,1.0
9158,2779,1504,1,1,1504,1.0
9163,2780,4934,5,1,1504,0.304823672477
9165,2781,1767,2,1,1504,0.851160158461
9166,2782,1504,1,1,1504,1.0
9169,2783,1618,3,1,1504,0.929542645241
9170,2784,1504,1,1,1504,1.0
9171,2785,204,1,1,204,1.0
9172,2786,1504,1,1,1504,1.0
9173,2787,1504,1,1,1504,1.0
9175,2788,2193,2,1,1504,0.685818513452
9179,2789,3333,4,2,1773,0.53195319532
9180,2790,1504,1,1,1504,1.0
9188,2791,8543,8,2,3008,0.352101135433
9192,2792,228,4,1,68,0.298245614035
9193,2793,68,1,1,68,1.0
9194,2794,1504,1,1,1504,1.0
9198,2795,1662,4,1,1504,0.904933814681
9199,2796,1404,1,1,1404,1.0
9200,2797,1504,1,1,1504,1.0
9202,2798,1572,2,1,1504,0.956743002545
9203,2799,1504,1,1,1504,1.0
9210,2800,2321,7,1,1404,0.604911676002
9212,2801,1550,2,1,1504,0.970322580645
9215,2802,1600,3,1,1504,0.94
9224,2803,3469,9,1,1504,0.433554338426
9225,2804,1096,1,1,1096,1.0
9231,2805,3157,6,1,1504,0.476401647133
9244,2806,9198,13,2,3008,0.327027614699
9245,2807,56,1,1,56,1.0
9246,2808,1504,1,1,1504,1.0
9266,2809,18324,20,7,10472,0.571490940843
9267,2810,1504,1,1,1504,1.0
9275,2811,3335,8,1,1504,0.450974512744
9276,2812,1404,1,1,1404,1.0
9282,2813,1884,6,1,1504,0.7983014862
9286,2814,601,4,1,285,0.474209650582
9288,2815,1367,2,1,1311,0.959034381858
9292,2816,352,4,1,204,0.579545454545
9293,2817,115,1,1,115,1.0
9295,2818,112,2,1,56,0.5
9296,2819,56,1,1,56,1.0
9300,2820,1656,4,1,1504,0.908212560386
9301,2821,1404,1,1,1404,1.0
9302,2822,1504,1,1,1504,1.0
9304,2823,1223,2,1,1164,0.9517579722
9305,2824,1404,1,1,1404,1.0
9306,2825,46,1,1,46,1.0
9307,2826,56,1,1,56,1.0
9308,2827,1504,1,1,1504,1.0
9311,2828,3042,3,1,1504,0.494411571335
9312,2829,438,1,1,438,1.0
9315,2830,4264,3,1,1504,0.352720450281
9318,2831,3232,3,1,1504,0.465346534653
9319,2832,204,1,1,204,1.0
9320,2833,1504,1,1,1504,1.0
9321,2834,56,1,1,56,1.0
9322,2835,915,1,1,915,1.0
9324,2836,112,2,1,56,0.5
9336,2837,5246,12,2,1685,0.321197102554
9340,2838,1720,4,1,1504,0.874418604651
9342,2839,1554,2,1,1504,0.967824967825
9345,2840,3064,3,1,1504,0.490861618799
9346,2841,1504,1,1,1504,1.0
9358,2842,5622,12,1,1504,0.267520455354
9359,2843,1504,1,1,1504,1.0
9361,2844,1568,2,1,1504,0.959183673469
9363,2845,96,2,1,50,0.520833333333
9365,2846,1568,2,1,1504,0.959183673469
9366,2847,1504,1,1,1504,1.0
9367,2848,397,1,1,397,1.0
9368,2849,67,1,1,67,1.0
9369,2850,1504,1,1,1504,1.0
9374,2851,2046,5,1,1504,0.735092864125
9375,2852,1504,1,1,1504,1.0
9376,2853,1504,1,1,1504,1.0
9380,2854,3104,4,1,1504,0.484536082474
9393,2855,14599,13,3,4512,0.309062264539
9398,2856,6072,5,1,1504,0.247694334651
9400,2857,3008,2,1,1504,0.5
9401,2858,558,1,1,558,1.0
9402,2859,56,1,1,56,1.0
9406,2860,3163,4,2,1613,0.509958899779
9412,2861,3409,6,1,1504,0.441185098269
9416,2862,3149,4,2,1589,0.504604636393
9419,2863,595,3,1,483,0.811764705882
9422,2864,869,3,1,354,0.407364787112
9425,2865,1596,3,1,1504,0.942355889724
9426,2866,56,1,1,56,1.0
9427,2867,46,1,1,46,1.0
9429,2868,92,2,2,92,1.0
9430,2869,1149,1,1,1149,1.0
9431,2870,1404,1,1,1404,1.0
9443,2871,5240,12,2,1607,0.306679389313
9445,2872,1456,2,1,1404,0.964285714286
9448,2873,876,3,1,774,0.883561643836
9449,2874,1504,1,1,1504,1.0
9451,2875,2500,2,1,1404,0.5616
9453,2876,1454,2,1,1404,0.965612104539
9454,2877,56,1,1,56,1.0
9456,2878,189,2,1,133,0.703703703704
9457,2879,56,1,1,56,1.0
9460,2880,1708,3,1,1504,0.88056206089
9461,2881,56,1,1,56,1.0
9462,2882,1444,1,1,1444,1.0
9465,2883,3064,3,1,1504,0.490861618799
9468,2884,1772,3,1,1081,0.610045146727
9469,2885,46,1,1,46,1.0
9470,2886,1504,1,1,1504,1.0
9473,2887,2672,3,1,1444,0.540419161677
9474,2888,56,1,1,56,1.0
9476,2889,149,2,1,103,0.691275167785
9477,2890,1504,1,1,1504,1.0
9479,2891,1510,2,1,1454,0.962913907285
9481,2892,132,2,1,68,0.515151515152
9482,2893,1454,1,1,1454,1.0
9484,2894,1504,2,1,1454,0.966755319149
9485,2895,61,1,1,61,1.0
9487,2896,1560,2,1,1504,0.964102564103
9488,2897,64,1,1,64,1.0
9489,2898,64,1,1,64,1.0
9491,2899,3008,2,1,1504,0.5
9495,2900,2862,4,1,1454,0.508036338225
9497,2901,1554,2,1,1504,0.967824967825
9498,2902,1484,1,1,1484,1.0
9499,2903,1504,1,1,1504,1.0
9500,2904,1504,1,1,1504,1.0
9501,2905,1504,1,1,1504,1.0
9503,2906,106,2,1,56,0.528301886792
9509,2907,328,6,3,180,0.548780487805
9511,2908,112,2,1,56,0.5
9516,2909,1797,5,1,1504,0.836950473011
9517,2910,56,1,1,56,1.0
9519,2911,1599,2,1,1504,0.940587867417
9520,2912,46,1,1,46,1.0
9525,2913,3885,5,2,1649,0.424453024453
9526,2914,1454,1,1,1454,1.0
9527,2915,1069,1,1,1069,1.0
9535,2916,7358,8,3,3751,0.509785267736
9538,2917,1610,3,1,1504,0.934161490683
9539,2918,1504,1,1,1504,1.0
9540,2919,56,1,1,56,1.0
9541,2920,580,1,1,580,1.0
9542,2921,56,1,1,56,1.0
9543,2922,50,1,1,50,1.0
9544,2923,1504,1,1,1504,1.0
9546,2924,120,2,1,64,0.533333333333
9555,2925,4839,9,2,2908,0.60095060963
9556,2926,1504,1,1,1504,1.0
9559,2927,152,3,1,56,0.368421052632
9560,2928,1504,1,1,1504,1.0
9561,2929,173,1,1,173,1.0
9562,2930,1504,1,1,1504,1.0
9563,2931,1133,1,1,1133,1.0
9564,2932,1504,1,1,1504,1.0
9565,2933,64,1,1,64,1.0
9569,2934,378,4,2,266,0.703703703704
9570,2935,56,1,1,56,1.0
9577,2936,4179,7,1,1504,0.359894711654
9590,2937,7914,13,2,2908,0.367450088451
9594,2938,5966,4,1,1504,0.252095206168
9599,2939,4636,5,1,1504,0.324417601381
9600,2940,56,1,1,56,1.0
9605,2941,4987,5,2,1915,0.383998395829
9606,2942,1504,1,1,1504,1.0
9614,2943,4746,8,2,3008,0.633796881584
9615,2944,1504,1,1,1504,1.0
9622,2945,3879,7,1,1504,0.387728796081
9623,2946,1504,1,1,1504,1.0
9627,2947,1674,4,1,1504,0.898446833931
9629,2948,92,2,2,92,1.0
9630,2949,50,1,1,50,1.0
9633,2950,3060,3,1,1504,0.491503267974
9634,2951,46,1,1,46,1.0
9636,2952,170,2,1,124,0.729411764706
9640,2953,4611,4,1,1504,0.326176534374
9641,2954,50,1,1,50,1.0
9642,2955,1504,1,1,1504,1.0
9645,2956,2533,3,1,1504,0.59376233715
9646,2957,1444,1,1,1444,1.0
9653,2958,4637,7,2,1916,0.413198188484
9654,2959,1504,1,1,1504,1.0
9655,2960,541,1,1,541,1.0
9658,2961,1606,3,1,1504,0.936488169365
9659,2962,46,1,1,46,1.0
9661,2963,1560,2,1,1504,0.964102564103
9662,2964,1504,1,1,1504,1.0
9663,2965,133,1,1,133,1.0
9664,2966,1504,1,1,1504,1.0
9667,2967,2242,3,1,1504,0.670829616414
9668,2968,101,1,1,101,1.0
9669,2969,1504,1,1,1504,1.0
9670,2970,1504,1,1,1504,1.0
9672,2971,1489,2,1,948,0.636668905306
9674,2972,114,2,1,64,0.561403508772
9675,2973,1504,1,1,1504,1.0
9680,2974,407,5,1,201,0.493857493857
9681,2975,1504,1,1,1504,1.0
9682,2976,1494,1,1,1494,1.0
9686,2977,5986,4,3,4482,0.748747076512
9687,2978,1504,1,1,1504,1.0
9688,2979,56,1,1,56,1.0
9689,2980,56,1,1,56,1.0
9694,2981,1704,5,1,1504,0.882629107981
9696,2982,1293,2,1,1196,0.92498066512
9697,2983,1504,1,1,1504,1.0
9699,2984,106,2,1,56,0.528301886792
9700,2985,46,1,1,46,1.0
9704,2986,1814,4,1,1504,0.829106945976
9705,2987,1484,1,1,1484,1.0
9706,2988,1504,1,1,1504,1.0
9710,2989,3140,4,2,2322,0.73949044586
9711,2990,46,1,1,46,1.0
9712,2991,46,1,1,46,1.0
9716,2992,1707,4,1,1504,0.88107791447
9718,2993,1590,2,1,1504,0.945911949686
9721,2994,3671,3,1,1504,0.409697630074
9722,2995,1504,1,1,1504,1.0
9724,2996,96,2,1,50,0.520833333333
9725,2997,1504,1,1,1504,1.0
9726,2998,64,1,1,64,1.0
9727,2999,1504,1,1,1504,1.0
9728,3000,1441,1,1,1441,1.0
9732,3001,226,4,1,68,0.300884955752
9735,3002,156,3,2,100,0.641025641026
9736,3003,1504,1,1,1504,1.0
9737,3004,1486,1,1,1486,1.0
9738,3005,1504,1,1,1504,1.0
9739,3006,1486,1,1,1486,1.0
9741,3007,1554,2,1,1504,0.967824967825
9742,3008,1486,1,1,1486,1.0
9750,3009,650,8,1,271,0.416923076923
9753,3010,4436,3,1,1504,0.33904418395
9767,3011,9942,14,2,2970,0.298732649366
9773,3012,1651,6,1,1387,0.840096910963
9779,3013,5736,6,1,1504,0.26220362622
9780,3014,81,1,1,81,1.0
9781,3015,148,1,1,148,1.0
9785,3016,3114,4,1,1504,0.482980089917
9786,3017,1504,1,1,1504,1.0
9787,3018,56,1,1,56,1.0
9789,3019,260,2,1,204,0.784615384615
9790,3020,1504,1,1,1504,1.0
9792,3021,149,2,1,93,0.624161073826
9793,3022,56,1,1,56,1.0
9800,3023,3276,7,1,1504,0.459096459096
9802,3024,1588,2,1,1504,0.947103274559
9803,3025,1504,1,1,1504,1.0
9806,3026,186,3,1,84,0.451612903226
9807,3027,204,1,1,204,1.0
9811,3028,224,4,2,112,0.5
9812,3029,1504,1,1,1504,1.0
9815,3030,206,3,1,94,0.456310679612
9820,3031,1698,5,1,1504,0.885747938751
9821,3032,1504,1,1,1504,1.0
9842,3033,22630,21,10,14890,0.65797613787
9843,3034,1504,1,1,1504,1.0
9848,3035,345,5,1,133,0.385507246377
9849,3036,1504,1,1,1504,1.0
9859,3037,9133,10,3,4272,0.467754297602
9863,3038,1666,4,1,1504,0.902761104442
9901,3039,40357,38,5,7120,0.176425403276
9902,3040,1504,1,1,1504,1.0
9903,3041,1496,1,1,1496,1.0
9904,3042,1504,1,1,1504,1.0
9908,3043,1648,4,1,1496,0.907766990291
9909,3044,1444,1,1,1444,1.0
9912,3045,1681,3,1,1504,0.894705532421
9913,3046,1504,1,1,1504,1.0
9919,3047,3152,6,1,1504,0.477157360406
9920,3048,1504,1,1,1504,1.0
9921,3049,56,1,1,56,1.0
9922,3050,85,1,1,85,1.0
9923,3051,1504,1,1,1504,1.0
9924,3052,56,1,1,56,1.0
9926,3053,102,2,1,56,0.549019607843
9928,3054,145,2,1,99,0.68275862069
9929,3055,1504,1,1,1504,1.0
9930,3056,1504,1,1,1504,1.0
9932,3057,410,2,1,354,0.863414634146
9940,3058,8096,8,2,3008,0.371541501976
9941,3059,76,1,1,76,1.0
9942,3060,1285,1,1,1285,1.0
9951,3061,3384,9,1,1504,0.444444444444
9952,3062,1504,1,1,1504,1.0
